actions:  tensor([[-0.2768, -1.2664,  1.7858, -1.5101, -1.7703, -0.3227]],
       device='cuda:0')
tensor([[-8.5556e-03,  1.0783e-02, -2.4555e-03,  3.3354e-02, -8.4603e-03,
         -5.8418e-02,  2.4640e-04, -4.4943e-04, -4.2901e-04,  5.6865e-03,
          1.0368e-03,  2.4338e-03, -6.0795e-04, -1.3359e-03, -7.8435e-01,
          9.6538e-01, -1.0525e-01,  1.6321e+00, -4.3333e-01, -2.6616e+00,
          1.5646e-06,  1.3669e-01, -1.6507e-01, -4.5899e-02, -2.1800e-01,
         -2.5302e-01,  2.1936e-01,  3.4152e-01,  5.0493e-01, -7.4252e-02,
          5.2057e-02,  4.4393e-01, -1.2050e-01,  4.3570e-01,  8.4451e-04,
          7.0711e-01, -2.8151e-04,  7.0711e-01, -1.3838e+00,  2.2281e+00,
          3.6907e-01,  1.0093e+00, -2.9146e-01, -1.6135e+00,  3.0567e-01]],
       device='cuda:0')
actions:  tensor([[-0.3336, -1.1970,  1.7530, -1.5143, -1.8493, -0.3959]],
       device='cuda:0')
tensor([[-3.0297e-02,  4.0704e-02, -3.2599e-03,  6.2636e-02, -2.9894e-02,
         -1.1904e-01, -1.3077e-04, -2.4802e-04,  3.5458e-04,  4.8461e-03,
          1.4530e-03,  3.1775e-03, -1.0315e-03, -2.5275e-03, -1.3817e+00,
          1.9113e+00, -1.0939e-01,  1.3411e+00, -1.0463e+00, -2.7875e+00,
          2.6213e-01,  2.6213e-01,  1.4692e-01,  3.1343e-01,  1.0360e-01,
         -7.4998e-03, -1.1298e-01,  9.6065e-02,  5.0493e-01, -7.4252e-02,
          4.5190e-02,  4.4393e-01, -1.2050e-01,  4.3570e-01,  8.4451e-04,
          7.0711e-01, -2.8151e-04,  7.0711e-01, -1.6678e+00,  2.5749e+00,
          2.0509e-01,  9.8861e-01, -6.8674e-01, -1.9796e+00,  3.9844e-01]],
       device='cuda:0')
actions:  tensor([[-0.3372, -1.1499,  1.7734, -1.5312, -1.8665, -0.4484]],
       device='cuda:0')
tensor([[-6.1103e-02,  8.7809e-02, -2.3795e-03,  8.2906e-02, -5.1908e-02,
         -1.7855e-01, -1.7538e-04, -1.9763e-04,  1.3520e-03,  4.3752e-03,
          1.8599e-03,  3.3586e-03, -1.3206e-03, -3.1556e-03, -1.7051e+00,
          2.6766e+00,  4.9878e-02,  9.3784e-01, -1.0134e+00, -2.7151e+00,
          2.2169e-01,  2.2169e-01,  1.1212e-01,  3.6614e-01,  6.4688e-02,
          2.2243e-02, -9.4914e-02,  3.9424e-02,  5.0493e-01, -7.4252e-02,
          3.4399e-02,  4.4393e-01, -1.2050e-01,  4.3570e-01,  8.4451e-04,
          7.0711e-01, -2.8151e-04,  7.0711e-01, -1.6862e+00,  2.8107e+00,
          3.0707e-01,  9.0414e-01, -7.7228e-01, -2.2422e+00,  3.9082e-01]],
       device='cuda:0')
actions:  tensor([[-0.2995, -1.1623,  1.7619, -1.5821, -1.8749, -0.4824]],
       device='cuda:0')
tensor([[-9.4472e-02,  1.4790e-01,  1.3794e-03,  9.0664e-02, -7.2170e-02,
         -2.3369e-01, -1.3097e-04, -9.4253e-06,  2.3970e-03,  2.7221e-03,
          2.1242e-03,  2.8981e-03, -1.6095e-03, -3.1316e-03, -1.7159e+00,
          3.1387e+00,  2.3125e-01,  3.5541e-01, -9.0087e-01, -2.5002e+00,
          2.1699e-01,  2.1699e-01,  3.1356e-02,  4.3558e-01, -4.5689e-02,
          8.5296e-02,  1.2662e-02, -4.2634e-02,  5.0491e-01, -7.4227e-02,
          2.1000e-02,  4.4393e-01, -1.2050e-01,  4.3570e-01,  8.4451e-04,
          7.0711e-01, -2.8151e-04,  7.0711e-01, -1.4977e+00,  2.7485e+00,
          2.4956e-01,  6.4960e-01, -8.1468e-01, -2.4119e+00,  3.3412e-01]],
       device='cuda:0')
actions:  tensor([[-0.2117, -1.2459,  1.7174, -1.6689, -1.8606, -0.4641]],
       device='cuda:0')
tensor([[-1.2527e-01,  2.1080e-01,  9.1863e-03,  8.2711e-02, -8.6728e-02,
         -2.7547e-01,  1.3225e-03,  2.1421e-03,  3.4557e-03,  9.9232e-04,
          2.0192e-03,  1.6923e-03, -1.6427e-03, -2.2752e-03, -1.4182e+00,
          3.1392e+00,  3.2129e-01, -3.4541e-01, -6.4682e-01, -1.8914e+00,
          2.5818e-01,  2.5818e-01,  6.8501e-02,  3.0874e-01, -6.9772e-02,
         -2.7127e-02,  5.1466e-02,  4.7655e-02,  5.0491e-01, -7.4236e-02,
          2.1000e-02,  4.4393e-01, -1.2050e-01,  4.3570e-01,  8.4451e-04,
          7.0711e-01, -2.8151e-04,  7.0711e-01, -1.0584e+00,  2.3306e+00,
          2.7063e-02,  2.1529e-01, -7.4282e-01, -2.3203e+00,  2.0300e-01]],
       device='cuda:0')
actions:  tensor([[-0.1410, -1.3401,  1.6828, -1.7227, -1.8530, -0.4191]],
       device='cuda:0')
tensor([[-1.4832e-01,  2.7232e-01,  1.5972e-02,  6.6975e-02, -9.7521e-02,
         -3.0151e-01,  4.4539e-02,  4.6583e-02,  2.1162e-02,  1.6966e-02,
          2.9794e-03,  1.6924e-03, -1.3069e-03, -9.9572e-04, -9.6872e-01,
          2.9603e+00,  2.5065e-01, -7.0432e-01, -4.6597e-01, -1.1741e+00,
          2.2689e+00,  2.2667e+00,  6.6803e-01,  6.9354e-01, -4.4783e-01,
         -5.0758e-01,  5.2608e-01,  5.8770e-01,  5.0491e-01, -7.4236e-02,
          2.1000e-02,  4.4393e-01, -1.2050e-01,  4.3570e-01,  8.4451e-04,
          7.0711e-01, -2.8151e-04,  7.0711e-01, -7.0485e-01,  1.8595e+00,
         -1.4609e-01, -5.3580e-02, -7.0499e-01, -2.0956e+00, -5.7356e-03]],
       device='cuda:0')
actions:  tensor([[-0.1201, -1.4170,  1.6124, -1.8219, -1.8835, -0.1621]],
       device='cuda:0')
tensor([[-1.6292e-01,  3.2927e-01,  2.0027e-02,  3.8123e-02, -1.1102e-01,
         -2.7636e-01,  9.5252e-02,  9.5868e-02,  4.2048e-02,  3.7925e-02,
          3.2195e-03,  1.9487e-03,  7.1919e-05,  7.5279e-04, -5.9114e-01,
          2.6062e+00,  5.1320e-02, -1.3449e+00, -6.3206e-01,  1.1508e+00,
          2.2689e+00,  2.2671e+00,  7.9325e-01,  5.2690e-01, -3.6071e-01,
         -6.6336e-01,  4.8574e-01,  7.4240e-01,  5.0491e-01, -7.4236e-02,
          2.1000e-02,  4.4393e-01, -1.2050e-01,  4.3570e-01,  8.4451e-04,
          7.0711e-01, -2.8151e-04,  7.0711e-01, -6.0051e-01,  1.4751e+00,
         -4.9792e-01, -5.4948e-01, -8.5760e-01, -8.1073e-01, -1.1258e-01]],
       device='cuda:0')
actions:  tensor([[-0.0744, -1.4955,  1.5905, -1.8320, -1.8666, -0.0063]],
       device='cuda:0')
tensor([[-1.7101e-01,  3.7591e-01,  2.0263e-02,  1.1901e-02, -1.1929e-01,
         -2.2731e-01,  1.4329e-01,  1.4516e-01,  6.1712e-02,  5.9684e-02,
          4.2460e-03,  2.1268e-03,  1.2220e-03,  2.9606e-03, -2.6882e-01,
          1.9690e+00, -6.2497e-02, -1.1654e+00, -3.2579e-01,  2.2281e+00,
          2.2689e+00,  2.2677e+00,  6.7485e-01,  8.5258e-01, -5.5673e-01,
         -2.4499e-01,  7.1792e-01,  3.5864e-01,  5.0491e-01, -7.4236e-02,
          2.1000e-02,  4.4393e-01, -1.2050e-01,  4.3570e-01,  8.4451e-04,
          7.0711e-01, -2.8151e-04,  7.0711e-01, -3.7184e-01,  1.0827e+00,
         -6.0744e-01, -6.0019e-01, -7.7301e-01, -3.1730e-02, -1.8095e-01]],
       device='cuda:0')
actions:  tensor([[-0.0649, -1.5116,  1.5981, -1.8176, -1.8533,  0.1224]],
       device='cuda:0')
tensor([[-1.7348e-01,  4.0942e-01,  1.9682e-02, -7.3862e-03, -1.2340e-01,
         -1.6551e-01,  1.9128e-01,  1.9296e-01,  8.2172e-02,  8.0712e-02,
          5.5636e-03,  2.9307e-03,  2.4334e-03,  4.8296e-03, -1.4755e-02,
          1.3116e+00, -5.6798e-02, -8.3319e-01, -1.4779e-01,  2.8993e+00,
          2.2689e+00,  2.2675e+00,  6.5608e-01,  8.1624e-01, -5.8111e-01,
         -3.1336e-01,  7.6175e-01,  4.5980e-01,  5.0491e-01, -7.4236e-02,
          2.1000e-02,  4.4393e-01, -1.2050e-01,  4.3570e-01,  8.4451e-04,
          7.0711e-01, -2.8151e-04,  7.0711e-01, -3.2432e-01,  1.0018e+00,
         -5.6963e-01, -5.2814e-01, -7.0630e-01,  6.1204e-01, -2.3525e-01]],
       device='cuda:0')
actions:  tensor([[-0.0704, -1.4842,  1.6027, -1.7846, -1.8394,  0.2062]],
       device='cuda:0')
tensor([[-1.7157e-01,  4.3162e-01,  1.8392e-02, -1.7303e-02, -1.2419e-01,
         -1.0265e-01,  2.3902e-01,  2.3978e-01,  1.0258e-01,  1.0183e-01,
          7.0515e-03,  4.1707e-03,  3.6209e-03,  6.4567e-03,  1.7817e-01,
          8.2377e-01, -1.0874e-01, -4.0438e-01,  3.1629e-03,  3.1069e+00,
          2.2689e+00,  2.2676e+00,  6.5052e-01,  8.6525e-01, -5.8114e-01,
         -2.2808e-01,  7.6226e-01,  3.8962e-01,  5.0491e-01, -7.4236e-02,
          2.1000e-02,  4.4393e-01, -1.2050e-01,  4.3570e-01,  8.4451e-04,
          7.0711e-01, -2.8151e-04,  7.0711e-01, -3.5184e-01,  1.1391e+00,
         -5.4658e-01, -3.6278e-01, -6.3698e-01,  1.0312e+00, -2.9636e-01]],
       device='cuda:0')
actions:  tensor([[-0.0704, -1.4382,  1.6043, -1.7561, -1.8204,  0.2906]],
       device='cuda:0')
tensor([[-1.6624e-01,  4.4612e-01,  1.5278e-02, -2.0476e-02, -1.2367e-01,
         -4.0040e-02,  2.7647e-01,  2.7190e-01,  1.3934e-01,  1.1744e-01,
          1.0609e-02,  5.9183e-03,  4.2439e-03,  7.0264e-03,  3.1263e-01,
          5.1759e-01, -2.3852e-01, -9.9489e-02,  3.8067e-03,  3.1416e+00,
          1.6846e+00,  1.6846e+00,  6.9974e-01,  9.8540e-01, -2.5395e-02,
          3.5536e-01,  1.8583e-01, -2.0839e-01,  5.0545e-01, -7.2805e-02,
          2.0995e-02,  4.4393e-01, -1.2050e-01,  4.3570e-01,  8.4451e-04,
          7.0711e-01, -2.8151e-04,  7.0711e-01, -3.5206e-01,  1.3689e+00,
         -5.3848e-01, -2.2036e-01, -5.4207e-01,  1.4531e+00, -3.9432e-01]],
       device='cuda:0')
actions:  tensor([[-0.0522, -1.4019,  1.6220, -1.7390, -1.7885,  0.3633]],
       device='cuda:0')
tensor([[-1.5859e-01,  4.5531e-01,  1.0893e-02, -1.9914e-02, -1.1865e-01,
          2.1822e-02,  3.0239e-01,  3.0130e-01,  1.4904e-01,  1.2724e-01,
          1.4054e-02,  1.9676e-02,  3.3551e-03, -3.2791e-03,  4.3342e-01,
          2.9368e-01, -2.7702e-01,  1.4881e-01,  2.0973e-01,  2.9743e+00,
          2.2689e+00,  2.3268e+00,  1.3313e+00,  1.5400e+00,  6.9750e-01,
          2.3100e+00, -4.6683e-01, -2.0811e+00,  5.0818e-01, -6.7222e-02,
          2.0994e-02,  4.4393e-01, -1.2050e-01,  4.3570e-01,  8.4451e-04,
          7.0711e-01, -2.8151e-04,  7.0711e-01, -2.6115e-01,  1.5506e+00,
         -4.4983e-01, -1.3523e-01, -3.8225e-01,  1.8163e+00, -4.9975e-01]],
       device='cuda:0')
actions:  tensor([[-0.0423, -1.3663,  1.6019, -1.8000, -1.7914,  0.4589]],
       device='cuda:0')
tensor([[-1.4856e-01,  4.6125e-01,  6.2975e-03, -2.7020e-02, -1.1416e-01,
          8.2156e-02,  3.3369e-01,  3.3599e-01,  1.5793e-01,  1.5618e-01,
          1.6203e-02,  6.6214e-02,  2.8416e-03, -4.6686e-02,  5.4531e-01,
          2.0227e-01, -3.3466e-01, -3.8203e-01,  2.8734e-01,  3.0618e+00,
          1.3596e+00,  1.2984e+00, -2.6969e-01,  1.4755e+00, -1.6733e+00,
          1.0578e+00,  1.7582e+00, -8.6309e-01,  5.1038e-01, -6.0479e-02,
          2.2648e-02,  4.4393e-01, -1.2050e-01,  4.3570e-01,  8.4451e-04,
          7.0711e-01, -2.8151e-04,  7.0711e-01, -2.1175e-01,  1.7284e+00,
         -5.5040e-01, -4.3985e-01, -3.9691e-01,  2.2943e+00, -6.1750e-01]],
       device='cuda:0')
actions:  tensor([[-0.0515, -1.3137,  1.6482, -1.7642, -1.7669,  0.5421]],
       device='cuda:0')
tensor([[-1.3714e-01,  4.6621e-01,  7.9978e-04, -3.0031e-02, -1.0601e-01,
          1.4385e-01,  3.6227e-01,  3.6412e-01,  1.7211e-01,  1.8482e-01,
          1.9123e-02,  1.0239e-01,  2.5429e-03, -8.0020e-02,  5.7507e-01,
          1.7883e-01, -2.6883e-01, -1.3112e-01,  4.2846e-01,  3.1208e+00,
          1.4063e+00,  1.3581e+00,  1.8228e-01,  1.3159e+00, -6.9941e-01,
          9.8013e-01,  8.1709e-01, -7.9675e-01,  5.1324e-01, -5.1833e-02,
          2.2742e-02,  4.4393e-01, -1.2050e-01,  4.3570e-01,  8.4451e-04,
          7.0711e-01, -2.8151e-04,  7.0711e-01, -2.5763e-01,  1.9917e+00,
         -3.1920e-01, -2.6088e-01, -2.7428e-01,  2.7107e+00, -8.2019e-01]],
       device='cuda:0')
actions:  tensor([[-0.0411, -1.2982,  1.6465, -1.8017, -1.7740,  0.6020]],
       device='cuda:0')
tensor([[-1.2488e-01,  4.7118e-01, -2.3924e-03, -3.8271e-02, -9.9934e-02,
          2.0524e-01,  3.9163e-01,  3.9557e-01,  1.8383e-01,  2.1184e-01,
          2.1538e-02,  1.4093e-01,  2.3279e-03, -1.1537e-01,  6.1821e-01,
          2.0374e-01, -1.8557e-01, -3.9434e-01,  3.1457e-01,  3.1061e+00,
          1.7764e+00,  1.7451e+00,  5.3915e-01,  1.5656e+00, -3.7679e-01,
          1.4272e+00,  5.3884e-01, -1.2065e+00,  5.1644e-01, -4.2223e-02,
          2.2393e-02,  4.4393e-01, -1.2050e-01,  4.3570e-01,  8.4451e-04,
          7.0711e-01, -2.8151e-04,  7.0711e-01, -2.0562e-01,  2.0690e+00,
         -3.2761e-01, -4.4844e-01, -3.1021e-01,  3.0100e+00, -1.0160e+00]],
       device='cuda:0')
actions:  tensor([[-0.0216, -1.2779,  1.6450, -1.8401, -1.7796,  0.6168]],
       device='cuda:0')
tensor([[-1.1158e-01,  4.7716e-01, -4.5084e-03, -5.1460e-02, -9.5433e-02,
          2.6654e-01,  4.2353e-01,  4.2979e-01,  1.9751e-01,  2.4168e-01,
          2.3876e-02,  1.8783e-01,  2.5983e-03, -1.5880e-01,  6.7584e-01,
          2.7070e-01, -1.5251e-01, -6.2587e-01,  2.2570e-01,  3.0960e+00,
          1.8689e+00,  1.8464e+00,  6.9490e-01,  1.8116e+00, -2.3909e-01,
          2.0245e+00,  4.1765e-01, -1.7885e+00,  5.2083e-01, -3.2569e-02,
          2.2070e-02,  4.4393e-01, -1.2050e-01,  4.3570e-01,  8.4451e-04,
          7.0711e-01, -2.8151e-04,  7.0711e-01, -1.0782e-01,  2.1707e+00,
         -3.3520e-01, -6.4025e-01, -3.3810e-01,  3.0841e+00, -1.2509e+00]],
       device='cuda:0')
actions:  tensor([[-0.0038, -1.2646,  1.6465, -1.8886, -1.7846,  0.6374]],
       device='cuda:0')
tensor([[-9.7267e-02,  4.8437e-01, -5.6765e-03, -7.0725e-02, -9.2276e-02,
          3.2782e-01,  4.5460e-01,  4.6303e-01,  2.1206e-01,  2.7489e-01,
          2.6331e-02,  2.4547e-01,  2.9712e-03, -2.1314e-01,  7.2176e-01,
          3.2695e-01, -1.0744e-01, -9.0977e-01,  1.5762e-01,  3.0662e+00,
          1.8623e+00,  1.8421e+00,  7.9879e-01,  2.0323e+00, -1.1011e-02,
          2.5655e+00,  1.9668e-01, -2.3305e+00,  5.2626e-01, -2.2954e-02,
          2.1758e-02,  4.4393e-01, -1.2050e-01,  4.3570e-01,  8.4451e-04,
          7.0711e-01, -2.8151e-04,  7.0711e-01, -1.8831e-02,  2.2371e+00,
         -3.2736e-01, -8.8277e-01, -3.6319e-01,  3.1872e+00, -1.5572e+00]],
       device='cuda:0')
actions:  tensor([[ 0.0142, -1.2926,  1.6733, -1.9720, -1.7952,  0.7035]],
       device='cuda:0')
tensor([[-8.2444e-02,  4.9079e-01, -2.7648e-03, -1.0152e-01, -9.1005e-02,
          3.8918e-01,  4.8630e-01,  4.9614e-01,  2.2567e-01,  3.1427e-01,
          2.8546e-02,  3.1352e-01,  3.4503e-03, -2.7794e-01,  7.3601e-01,
          2.2609e-01,  1.4845e-01, -1.4299e+00,  7.7414e-02,  3.1047e+00,
          6.6777e-01,  6.9987e-01, -4.9297e-01,  1.8489e+00, -2.0505e+00,
          3.2465e+00,  2.0696e+00, -3.1151e+00,  5.3279e-01, -1.3293e-02,
          2.1385e-02,  4.4393e-01, -1.2050e-01,  4.3570e-01,  8.4451e-04,
          7.0711e-01, -2.8151e-04,  7.0711e-01,  7.1244e-02,  2.0969e+00,
         -1.9374e-01, -1.3000e+00, -4.1596e-01,  3.5176e+00, -1.9243e+00]],
       device='cuda:0')
actions:  tensor([[-0.0267, -1.3413,  1.7138, -2.1136, -1.8214,  0.8320]],
       device='cuda:0')
tensor([[-6.8996e-02,  4.9310e-01,  8.3877e-03, -1.5100e-01, -9.4525e-02,
          4.5036e-01,  5.1001e-01,  5.1270e-01,  2.4657e-01,  3.6022e-01,
          3.2102e-02,  3.9045e-01,  3.8021e-03, -3.5223e-01,  5.9614e-01,
         -4.7797e-02,  5.8632e-01, -2.3169e+00, -2.1308e-01,  3.0730e+00,
          4.5849e-01,  4.4482e-01,  3.9643e-03,  1.4198e+00, -4.2853e-01,
          2.0086e+00,  4.5415e-01, -1.8662e+00,  5.3968e-01, -7.3172e-03,
          2.1206e-02,  4.4393e-01, -1.2050e-01,  4.3570e-01,  8.4451e-04,
          7.0711e-01, -2.8151e-04,  7.0711e-01, -1.3360e-01,  1.8534e+00,
          9.1505e-03, -2.0078e+00, -5.4710e-01,  4.1599e+00, -2.2930e+00]],
       device='cuda:0')
actions:  tensor([[-0.0345, -1.4187,  1.7765, -2.2484, -1.8561,  0.9555]],
       device='cuda:0')
tensor([[-5.8738e-02,  4.8843e-01,  2.8876e-02, -2.1298e-01, -1.0440e-01,
          5.1191e-01,  5.3209e-01,  5.2728e-01,  2.5980e-01,  4.0059e-01,
          3.3489e-02,  4.3772e-01,  3.9280e-03, -3.9787e-01,  4.2705e-01,
         -4.4924e-01,  1.1076e+00, -3.0508e+00, -4.1252e-01,  3.0951e+00,
          3.7186e-01,  3.4494e-01, -4.5961e-01,  1.0600e+00, -1.0495e+00,
          2.1104e-01,  1.0372e+00,  6.8191e-03,  5.4643e-01, -3.8295e-03,
          2.1084e-02,  4.4393e-01, -1.2050e-01,  4.3570e-01,  8.4451e-04,
          7.0711e-01, -2.8151e-04,  7.0711e-01, -1.7273e-01,  1.4664e+00,
          3.2239e-01, -2.6821e+00, -7.2028e-01,  4.7775e+00, -2.6687e+00]],
       device='cuda:0')
actions:  tensor([[-0.0652, -1.5301,  1.7974, -2.4153, -1.9120,  1.0759]],
       device='cuda:0')
tensor([[-5.2030e-02,  4.7534e-01,  5.5575e-02, -2.7465e-01, -1.2106e-01,
          5.7362e-01,  5.4732e-01,  5.3648e-01,  2.5870e-01,  4.2936e-01,
          3.0363e-02,  4.4078e-01,  5.1544e-03, -3.9946e-01,  2.4122e-01,
         -8.9067e-01,  1.3724e+00, -3.1450e+00, -8.1446e-01,  3.1522e+00,
          3.2749e-01,  2.2588e-02, -1.6946e+00, -4.3370e-01, -4.8524e+00,
         -3.2996e+00,  4.7287e+00,  3.6654e+00,  5.5174e-01, -3.0266e-03,
          2.2114e-02,  4.4393e-01, -1.2050e-01,  4.3570e-01,  8.4451e-04,
          7.0711e-01, -2.8151e-04,  7.0711e-01, -3.2577e-01,  9.0964e-01,
          4.2704e-01, -3.5166e+00, -9.9999e-01,  5.3796e+00, -3.0793e+00]],
       device='cuda:0')
actions:  tensor([[-0.1210, -1.6165,  1.7288, -2.4706, -1.9179,  1.2068]],
       device='cuda:0')
tensor([[-5.0040e-02,  4.5543e-01,  8.0300e-02, -3.3629e-01, -1.3550e-01,
          6.3627e-01,  5.5038e-01,  5.4163e-01,  2.5999e-01,  4.1889e-01,
          2.8234e-02,  3.9666e-01,  7.7116e-03, -3.5746e-01, -3.7065e-02,
         -1.1839e+00,  1.0438e+00, -3.0605e+00, -7.0026e-01,  3.1282e+00,
         -9.7405e-02, -9.7429e-02, -6.0153e-01, -1.1015e+00, -2.0977e+00,
         -2.0914e+00,  2.0164e+00,  2.0294e+00,  5.5804e-01, -5.0293e-03,
          2.6965e-02,  4.4393e-01, -1.2050e-01,  4.3570e-01,  8.4451e-04,
          7.0711e-01, -2.8151e-04,  7.0711e-01, -6.0488e-01,  4.7759e-01,
          8.4207e-02, -3.7929e+00, -1.0297e+00,  6.0342e+00, -3.3585e+00]],
       device='cuda:0')
actions:  tensor([[-0.1523, -1.6829,  1.7199, -2.5484, -1.9079,  1.3181]],
       device='cuda:0')
tensor([[-5.4239e-02,  4.2881e-01,  9.9223e-02, -3.9785e-01, -1.4550e-01,
          6.9898e-01,  5.4877e-01,  5.4122e-01,  2.5847e-01,  4.0717e-01,
          2.6371e-02,  3.5855e-01,  9.7039e-03, -3.1721e-01, -3.5251e-01,
         -1.5419e+00,  7.6690e-01, -3.0640e+00, -4.7774e-01,  3.1409e+00,
          2.4666e-02,  2.4666e-02, -5.3474e-01, -7.3943e-01, -1.9946e+00,
         -2.5827e+00,  1.9539e+00,  2.7820e+00,  5.6670e-01, -1.0500e-02,
          3.9184e-02,  4.4393e-01, -1.2050e-01,  4.3570e-01,  8.4451e-04,
          7.0711e-01, -2.8151e-04,  7.0711e-01, -7.6133e-01,  1.4542e-01,
          3.9566e-02, -4.1819e+00, -9.7960e-01,  6.5907e+00, -3.4485e+00]],
       device='cuda:0')
actions:  tensor([[-0.1765, -1.7257,  1.6947, -2.5839, -1.8642,  1.4128]],
       device='cuda:0')
tensor([[-6.4665e-02,  3.9594e-01,  1.1098e-01, -4.5952e-01, -1.4616e-01,
          7.6174e-01,  5.4692e-01,  5.3842e-01,  2.6020e-01,  3.8912e-01,
          2.4967e-02,  3.2397e-01,  1.1553e-02, -2.8236e-01, -6.4292e-01,
         -1.8204e+00,  3.7060e-01, -3.0582e+00,  3.9662e-04,  3.1416e+00,
          4.2261e-02,  4.2209e-02, -4.8143e-01, -1.0590e+00, -2.1034e+00,
         -4.0382e+00,  2.1120e+00,  4.2855e+00,  5.7752e-01, -1.7990e-02,
          5.9307e-02,  4.4393e-01, -1.2050e-01,  4.3570e-01,  8.4451e-04,
          7.0711e-01, -2.8151e-04,  7.0711e-01, -8.8248e-01, -6.8726e-02,
         -8.6273e-02, -4.3597e+00, -7.6096e-01,  7.0640e+00, -3.4763e+00]],
       device='cuda:0')
actions:  tensor([[-0.2024, -1.7711,  1.6658, -2.5873, -1.8191,  1.4933]],
       device='cuda:0')
tensor([[-8.0535e-02,  3.5818e-01,  1.1433e-01, -5.2121e-01, -1.3844e-01,
          8.2454e-01,  5.4616e-01,  5.3753e-01,  2.6014e-01,  3.7666e-01,
          2.3691e-02,  2.9310e-01,  1.3236e-02, -2.5131e-01, -8.8891e-01,
         -2.0366e+00, -5.5534e-02, -3.0728e+00,  3.8245e-01,  3.1416e+00,
          2.5381e-01,  2.5380e-01,  1.0838e-01, -8.5932e-01, -8.5482e-01,
         -4.2635e+00,  9.6836e-01,  4.5597e+00,  5.9111e-01, -2.6669e-02,
          8.7108e-02,  4.4393e-01, -1.2050e-01,  4.3570e-01,  8.4451e-04,
          7.0711e-01, -2.8151e-04,  7.0711e-01, -1.0122e+00, -2.9560e-01,
         -2.3122e-01, -4.3764e+00, -5.3535e-01,  7.4666e+00, -3.4618e+00]],
       device='cuda:0')
actions:  tensor([[-0.2276, -1.8121,  1.6487, -2.6120, -1.7712,  1.5860]],
       device='cuda:0')
tensor([[-1.0100e-01,  3.1650e-01,  1.0974e-01, -5.8224e-01, -1.2351e-01,
          8.8737e-01,  5.4488e-01,  5.3622e-01,  2.5899e-01,  3.6577e-01,
          2.2613e-02,  2.6532e-01,  1.4647e-02, -2.2355e-01, -1.0958e+00,
         -2.2178e+00, -4.3321e-01, -2.9223e+00,  7.0581e-01,  3.1196e+00,
          5.0486e-01,  5.0486e-01,  8.0848e-01, -3.4189e-01,  8.3551e-01,
         -3.4085e+00, -6.0794e-01,  3.7336e+00,  6.0587e-01, -3.6742e-02,
          1.2275e-01,  4.4393e-01, -1.2050e-01,  4.3570e-01,  8.4451e-04,
          7.0711e-01, -2.8151e-04,  7.0711e-01, -1.1381e+00, -5.0056e-01,
         -3.1640e-01, -4.5002e+00, -2.9614e-01,  7.9301e+00, -3.4409e+00]],
       device='cuda:0')
actions:  tensor([[-0.2456, -1.8287,  1.6573, -2.6416, -1.7310,  1.5907]],
       device='cuda:0')
tensor([[-1.2490e-01,  2.7190e-01,  9.9529e-02, -6.4097e-01, -1.0417e-01,
          9.5022e-01,  5.4354e-01,  5.3500e-01,  2.5688e-01,  3.5661e-01,
          2.1589e-02,  2.4120e-01,  1.5691e-02, -1.9934e-01, -1.2320e+00,
         -2.3361e+00, -6.5537e-01, -2.6923e+00,  8.8072e-01,  3.1416e+00,
          4.3878e-01,  4.3880e-01,  8.1150e-01,  1.2348e-01,  1.5225e-01,
         -1.8292e+00,  8.6014e-02,  2.1560e+00,  6.1944e-01, -4.8137e-02,
          1.6493e-01,  4.4393e-01, -1.2050e-01,  4.3570e-01,  8.4451e-04,
          7.0711e-01, -2.8151e-04,  7.0711e-01, -1.2279e+00, -5.8350e-01,
         -2.7361e-01, -4.6478e+00, -9.4909e-02,  7.9537e+00, -3.3924e+00]],
       device='cuda:0')
actions:  tensor([[-0.2672, -1.8461,  1.6674, -2.6678, -1.7073,  1.5744]],
       device='cuda:0')
tensor([[-1.5096e-01,  2.2548e-01,  8.6430e-02, -6.9541e-01, -8.4164e-02,
          1.0131e+00,  5.4235e-01,  5.3464e-01,  2.5524e-01,  3.4741e-01,
          2.0689e-02,  2.1911e-01,  1.6447e-02, -1.7808e-01, -1.3169e+00,
         -2.4002e+00, -7.3471e-01, -2.5048e+00,  9.1524e-01,  3.1190e+00,
          4.2557e-01,  4.2557e-01,  9.5688e-01, -7.7476e-01,  1.1526e+00,
         -4.8410e+00, -9.0468e-01,  5.1362e+00,  6.2903e-01, -6.0886e-02,
          2.1121e-01,  4.4393e-01, -1.2050e-01,  4.3570e-01,  8.4451e-04,
          7.0711e-01, -2.8151e-04,  7.0711e-01, -1.3360e+00, -6.7026e-01,
         -2.2280e-01, -4.7792e+00,  2.3553e-02,  7.8718e+00, -3.3159e+00]],
       device='cuda:0')
actions:  tensor([[-0.2713, -1.8491,  1.6637, -2.7202, -1.7040,  1.6446]],
       device='cuda:0')
tensor([[-1.7726e-01,  1.7918e-01,  7.2272e-02, -7.4996e-01, -6.7679e-02,
          1.0760e+00,  5.4043e-01,  5.3148e-01,  2.5585e-01,  3.3506e-01,
          2.0215e-02,  2.0081e-01,  1.7126e-02, -1.5928e-01, -1.2819e+00,
         -2.3422e+00, -7.9021e-01, -2.5020e+00,  7.1956e-01,  3.1301e+00,
          1.0034e-01,  1.0034e-01,  2.8296e-01, -6.9145e-01, -8.2250e-01,
         -4.3451e+00,  9.9665e-01,  4.6510e+00,  6.3392e-01, -7.4627e-02,
          2.6032e-01,  4.4393e-01, -1.2050e-01,  4.3570e-01,  8.4451e-04,
          7.0711e-01, -2.8151e-04,  7.0711e-01, -1.3566e+00, -6.8527e-01,
         -2.4145e-01, -5.0408e+00,  3.9936e-02,  8.2232e+00, -3.2351e+00]],
       device='cuda:0')
actions:  tensor([[-0.2676, -1.8565,  1.6676, -2.7713, -1.7149,  1.6844]],
       device='cuda:0')
tensor([[-2.0172e-01,  1.3452e-01,  5.7871e-02, -8.0481e-01, -5.6547e-02,
          1.1389e+00,  5.3993e-01,  5.3197e-01,  2.5432e-01,  3.2820e-01,
          1.9394e-02,  1.8267e-01,  1.7462e-02, -1.4250e-01, -1.1493e+00,
         -2.2278e+00, -7.8080e-01, -2.5328e+00,  5.0318e-01,  3.1287e+00,
          4.7433e-01,  4.7433e-01,  7.4249e-01, -8.3941e-01,  6.4378e-01,
         -4.9555e+00, -4.3312e-01,  5.2231e+00,  6.3491e-01, -8.7943e-02,
          3.1053e-01,  4.4393e-01, -1.2050e-01,  4.3570e-01,  8.4451e-04,
          7.0711e-01, -2.8151e-04,  7.0711e-01, -1.3381e+00, -7.2241e-01,
         -2.2193e-01, -5.2967e+00, -1.4680e-02,  8.4219e+00, -3.1292e+00]],
       device='cuda:0')
actions:  tensor([[-0.2412, -1.8349,  1.6869, -2.8047, -1.7505,  1.7279]],
       device='cuda:0')
tensor([[-2.2147e-01,  9.2949e-02,  4.4229e-02, -8.5724e-01, -5.4482e-02,
          1.2018e+00,  5.3760e-01,  5.2934e-01,  2.5146e-01,  3.1769e-01,
          1.9060e-02,  1.6708e-01,  1.7636e-02, -1.2785e-01, -8.5199e-01,
         -2.0302e+00, -7.1412e-01, -2.4187e+00,  7.0271e-02,  3.1416e+00,
          4.0421e-01,  4.0420e-01,  8.8244e-01, -8.5654e-01,  1.0974e+00,
         -4.4064e+00, -9.0476e-01,  4.5648e+00,  6.3089e-01, -9.9608e-02,
          3.5957e-01,  4.4393e-01, -1.2050e-01,  4.3570e-01,  8.4451e-04,
          7.0711e-01, -2.8151e-04,  7.0711e-01, -1.2062e+00, -6.1457e-01,
         -1.2566e-01, -5.4634e+00, -1.9254e-01,  8.6395e+00, -2.9527e+00]],
       device='cuda:0')
actions:  tensor([[-0.2039, -1.8132,  1.7239, -2.8399, -1.8119,  1.7447]],
       device='cuda:0')
tensor([[-2.3364e-01,  5.5385e-02,  3.4147e-02, -9.0781e-01, -6.4386e-02,
          1.2647e+00,  5.3667e-01,  5.2892e-01,  2.4908e-01,  3.1259e-01,
          1.8726e-02,  1.5399e-01,  1.7586e-02, -1.1480e-01, -4.3096e-01,
         -1.8083e+00, -4.8010e-01, -2.3241e+00, -5.2203e-01,  3.1389e+00,
          3.7615e-01,  3.7615e-01,  7.8020e-01, -6.3796e-01,  8.7343e-01,
         -3.9000e+00, -7.1900e-01,  4.0762e+00,  6.2296e-01, -1.0863e-01,
          4.0401e-01,  4.4393e-01, -1.2050e-01,  4.3570e-01,  8.4451e-04,
          7.0711e-01, -2.8151e-04,  7.0711e-01, -1.0196e+00, -5.0605e-01,
          5.9678e-02, -5.6395e+00, -4.9972e-01,  8.7237e+00, -2.7148e+00]],
       device='cuda:0')
actions:  tensor([[-0.1601, -1.7899,  1.7513, -2.8646, -1.8892,  1.8055]],
       device='cuda:0')
tensor([[-2.3609e-01,  2.2602e-02,  2.8919e-02, -9.5446e-01, -8.6843e-02,
          1.3276e+00,  5.3452e-01,  5.2672e-01,  2.4680e-01,  3.0499e-01,
          1.8593e-02,  1.4203e-01,  1.7393e-02, -1.0340e-01,  7.5552e-02,
         -1.5405e+00, -2.3554e-01, -2.1168e+00, -1.0793e+00,  3.1416e+00,
          2.6504e-01,  2.6505e-01,  6.3580e-01, -7.2495e-01,  7.7236e-01,
         -3.2938e+00, -6.7252e-01,  3.4080e+00,  6.1216e-01, -1.1394e-01,
          4.4146e-01,  4.4393e-01, -1.2050e-01,  4.3570e-01,  8.4451e-04,
          7.0711e-01, -2.8151e-04,  7.0711e-01, -8.0061e-01, -3.8974e-01,
          1.9649e-01, -5.7632e+00, -8.8611e-01,  9.0276e+00, -2.4384e+00]],
       device='cuda:0')
actions:  tensor([[-0.1229, -1.7716,  1.7899, -2.8886, -1.9443,  1.8870]],
       device='cuda:0')
tensor([[-2.2891e-01, -5.3116e-03,  2.9992e-02, -9.9747e-01, -1.1541e-01,
          1.3905e+00,  5.3382e-01,  5.2571e-01,  2.4578e-01,  2.9972e-01,
          1.8694e-02,  1.3169e-01,  1.7153e-02, -9.3292e-02,  5.3975e-01,
         -1.2881e+00,  9.5924e-02, -1.9387e+00, -1.3444e+00,  3.1363e+00,
          1.7613e-01,  1.7613e-01,  5.6681e-01, -8.0862e-01,  7.6450e-01,
         -3.2518e+00, -6.6642e-01,  3.3271e+00,  6.0052e-01, -1.1471e-01,
          4.7055e-01,  4.4393e-01, -1.2050e-01,  4.3570e-01,  8.4451e-04,
          7.0711e-01, -2.8151e-04,  7.0711e-01, -6.1451e-01, -2.9808e-01,
          3.8949e-01, -5.8829e+00, -1.1614e+00,  9.4351e+00, -2.1313e+00]],
       device='cuda:0')
actions:  tensor([[-0.1015, -1.7490,  1.8192, -2.9097, -1.9499,  1.9604]],
       device='cuda:0')
tensor([[-2.1425e-01, -2.8310e-02,  3.7446e-02, -1.0366e+00, -1.3991e-01,
          1.4534e+00,  5.3232e-01,  5.2405e-01,  2.4553e-01,  2.9324e-01,
          1.8990e-02,  1.2260e-01,  1.6842e-02, -8.4492e-02,  8.7193e-01,
         -1.0178e+00,  3.8556e-01, -1.7443e+00, -1.1178e+00,  3.1371e+00,
          1.0441e-01,  1.0441e-01,  3.8386e-01, -9.6397e-01,  5.7887e-01,
         -3.3368e+00, -4.8914e-01,  3.3718e+00,  5.9041e-01, -1.1014e-01,
          4.9039e-01,  4.4393e-01, -1.2050e-01,  4.3570e-01,  8.4451e-04,
          7.0711e-01, -2.8151e-04,  7.0711e-01, -5.0743e-01, -1.8477e-01,
          5.3617e-01, -5.9886e+00, -1.1893e+00,  9.8022e+00, -1.8670e+00]],
       device='cuda:0')
actions:  tensor([[-0.0931, -1.7317,  1.8347, -2.9305, -1.9431,  2.0183]],
       device='cuda:0')
tensor([[-1.9062e-01, -3.3352e-02,  4.1435e-02, -1.0747e+00, -1.5974e-01,
          1.5163e+00,  5.3138e-01,  5.2091e-01,  2.4091e-01,  2.8955e-01,
          1.9386e-02,  1.1633e-01,  1.5463e-02, -7.7036e-02,  1.2085e+00,
          1.1208e-03,  2.0644e-01, -1.6416e+00, -7.6968e-01,  3.1085e+00,
          2.6553e-01,  2.6553e-01,  3.1993e-01,  7.3141e-01,  5.8166e-01,
          5.0633e-01, -4.7424e-01, -3.9127e-01,  5.8547e-01, -1.0073e-01,
          5.0142e-01,  4.4393e-01, -1.2050e-01,  4.3570e-01,  8.4451e-04,
          7.0711e-01, -2.8151e-04,  7.0711e-01, -4.6558e-01, -9.8390e-02,
          6.1372e-01, -6.0926e+00, -1.1553e+00,  1.0091e+01, -1.6250e+00]],
       device='cuda:0')
actions:  tensor([[-0.0991, -1.7494,  1.8187, -2.9759, -1.8910,  1.9976]],
       device='cuda:0')
tensor([[-1.6887e-01, -3.3336e-02,  5.2334e-02, -1.1105e+00, -1.6360e-01,
          1.5792e+00,  5.3327e-01,  5.2528e-01,  2.4731e-01,  2.8464e-01,
          2.0440e-02,  1.0717e-01,  1.5460e-02, -6.9897e-02,  1.0131e+00,
         -3.1788e-04,  5.9437e-01, -1.5394e+00, -9.1682e-02,  3.1315e+00,
         -2.0750e-01, -2.0750e-01,  3.3305e-02, -1.5933e+00, -3.1473e-01,
         -3.4890e+00,  3.6944e-01,  3.3767e+00,  5.8662e-01, -8.8791e-02,
          5.0258e-01,  4.4393e-01, -1.2050e-01,  4.3570e-01,  8.4451e-04,
          7.0711e-01, -2.8151e-04,  7.0711e-01, -4.9533e-01, -1.8715e-01,
          5.3371e-01, -6.3195e+00, -8.9523e-01,  9.9881e+00, -1.2675e+00]],
       device='cuda:0')
actions:  tensor([[-0.1265, -1.7864,  1.7794, -3.0438, -1.8706,  2.2263]],
       device='cuda:0')
tensor([[-1.5188e-01, -3.3325e-02,  6.8019e-02, -1.1489e+00, -1.6195e-01,
          1.6421e+00,  5.3380e-01,  5.2493e-01,  2.5440e-01,  2.7490e-01,
          2.0971e-02,  9.9897e-02,  1.5625e-02, -6.2651e-02,  7.2770e-01,
         -4.7877e-04,  6.8230e-01, -1.7316e+00,  1.5133e-01,  3.1356e+00,
         -7.7355e-02, -7.7355e-02, -1.0461e-01, -5.9638e-01, -1.8609e-01,
         -1.6262e+00,  2.4496e-01,  1.6093e+00,  5.8744e-01, -7.7910e-02,
          5.0040e-01,  4.4393e-01, -1.2050e-01,  4.3570e-01,  8.4451e-04,
          7.0711e-01, -2.8151e-04,  7.0711e-01, -6.3267e-01, -3.7202e-01,
          3.3692e-01, -6.6590e+00, -7.9291e-01,  1.1131e+01, -1.0829e+00]],
       device='cuda:0')
actions:  tensor([[-0.1259, -1.7820,  1.7572, -3.0657, -1.8435,  2.3280]],
       device='cuda:0')
tensor([[-1.3973e-01, -3.2860e-02,  8.1908e-02, -1.1842e+00, -1.5583e-01,
          1.7050e+00,  5.3322e-01,  5.2570e-01,  2.5357e-01,  2.7274e-01,
          2.1271e-02,  9.2192e-02,  1.5482e-02, -5.5905e-02,  5.2057e-01,
          5.2148e-02,  4.8003e-01, -1.5736e+00,  3.2087e-01,  3.1416e+00,
         -1.2103e-01, -1.2094e-01, -2.1860e-01, -1.1779e+00, -5.8126e-01,
         -2.7889e+00,  6.3178e-01,  2.7187e+00,  5.8896e-01, -6.9132e-02,
          4.9963e-01,  4.4393e-01, -1.2050e-01,  4.3570e-01,  8.4451e-04,
          7.0711e-01, -2.8151e-04,  7.0711e-01, -6.2951e-01, -3.4988e-01,
          2.2607e-01, -6.7683e+00, -6.5742e-01,  1.1640e+01, -9.0214e-01]],
       device='cuda:0')
actions:  tensor([[-0.1264, -1.7985,  1.7358, -3.0864, -1.8282,  2.4409]],
       device='cuda:0')
tensor([[-1.3127e-01, -3.1707e-02,  9.1494e-02, -1.2164e+00, -1.4791e-01,
          1.7679e+00,  5.3348e-01,  5.2581e-01,  2.5569e-01,  2.6838e-01,
          2.1441e-02,  8.5798e-02,  1.5448e-02, -4.9739e-02,  3.5370e-01,
          7.1878e-02,  2.6460e-01, -1.4344e+00,  3.7452e-01,  3.1282e+00,
         -1.4441e-01, -1.4441e-01, -4.5776e-01, -8.8949e-01, -1.5716e+00,
         -2.2044e+00,  1.5987e+00,  2.1582e+00,  5.9040e-01, -6.1851e-02,
          4.9990e-01,  4.4393e-01, -1.2050e-01,  4.3570e-01,  8.4451e-04,
          7.0711e-01, -2.8151e-04,  7.0711e-01, -6.3225e-01, -4.3258e-01,
          1.1883e-01, -6.8721e+00, -5.8109e-01,  1.2204e+01, -8.4265e-01]],
       device='cuda:0')
actions:  tensor([[-0.1177, -1.8055,  1.7328, -3.1005, -1.8182,  2.5078]],
       device='cuda:0')
tensor([[-1.2538e-01, -3.0521e-02,  9.7499e-02, -1.2455e+00, -1.3971e-01,
          1.8307e+00,  5.3336e-01,  5.2584e-01,  2.5415e-01,  2.6729e-01,
          2.1469e-02,  7.9809e-02,  1.5360e-02, -4.4004e-02,  2.5212e-01,
          5.8012e-02,  1.0930e-01, -1.2981e+00,  3.8264e-01,  3.1345e+00,
         -1.6051e-01, -1.6051e-01, -4.5639e-01, -1.0622e+00, -1.5612e+00,
         -2.5374e+00,  1.5893e+00,  2.4705e+00,  5.9176e-01, -5.6109e-02,
          5.0243e-01,  4.4393e-01, -1.2050e-01,  4.3570e-01,  8.4451e-04,
          7.0711e-01, -2.8151e-04,  7.0711e-01, -5.8838e-01, -4.6748e-01,
          1.0404e-01, -6.9427e+00, -5.3100e-01,  1.2539e+01, -7.8246e-01]],
       device='cuda:0')
actions:  tensor([[-0.1157, -1.8086,  1.7333, -3.1231, -1.8174,  2.5722]],
       device='cuda:0')
tensor([[-1.2116e-01, -2.9753e-02,  1.0123e-01, -1.2735e+00, -1.3276e-01,
          1.8936e+00,  5.3310e-01,  5.2565e-01,  2.5419e-01,  2.6496e-01,
          2.1555e-02,  7.4535e-02,  1.5281e-02, -3.8748e-02,  1.7941e-01,
          2.7329e-02,  2.7502e-02, -1.2519e+00,  3.1006e-01,  3.1341e+00,
         -1.9219e-01, -1.9219e-01, -5.0103e-01, -1.0393e+00, -1.3896e+00,
         -2.6747e+00,  1.4114e+00,  2.6189e+00,  5.9255e-01, -5.1521e-02,
          5.0614e-01,  4.4393e-01, -1.2050e-01,  4.3570e-01,  8.4451e-04,
          7.0711e-01, -2.8151e-04,  7.0711e-01, -5.7846e-01, -4.8282e-01,
          1.0642e-01, -7.0557e+00, -5.2698e-01,  1.2861e+01, -7.5177e-01]],
       device='cuda:0')
actions:  tensor([[-0.1154, -1.8060,  1.7381, -3.1450, -1.8202,  2.6334]],
       device='cuda:0')
tensor([[-1.1820e-01, -2.9585e-02,  1.0378e-01, -1.3006e+00, -1.2758e-01,
          1.9564e+00,  5.3286e-01,  5.2535e-01,  2.5325e-01,  2.6340e-01,
          2.1596e-02,  6.9710e-02,  1.5164e-02, -3.4008e-02,  1.2223e-01,
         -3.3526e-03, -1.5572e-02, -1.2151e+00,  2.2932e-01,  3.1416e+00,
         -1.7670e-01, -1.7669e-01, -4.6238e-01, -1.0557e+00, -1.3401e+00,
         -2.7087e+00,  1.3661e+00,  2.6512e+00,  5.9264e-01, -4.8048e-02,
          5.1103e-01,  4.4393e-01, -1.2050e-01,  4.3570e-01,  8.4451e-04,
          7.0711e-01, -2.8151e-04,  7.0711e-01, -5.7715e-01, -4.6992e-01,
          1.3043e-01, -7.1652e+00, -5.4080e-01,  1.3167e+01, -7.1410e-01]],
       device='cuda:0')
actions:  tensor([[-0.1167, -1.8023,  1.7376, -3.1625, -1.8226,  2.6906]],
       device='cuda:0')
tensor([[-1.1627e-01, -2.9896e-02,  1.0532e-01, -1.3263e+00, -1.2382e-01,
          2.0192e+00,  5.3275e-01,  5.2508e-01,  2.5315e-01,  2.6135e-01,
          2.1652e-02,  6.5458e-02,  1.5065e-02, -2.9816e-02,  7.6447e-02,
         -2.0225e-02, -6.4268e-02, -1.1367e+00,  1.6429e-01,  3.1416e+00,
         -1.7569e-01, -1.7569e-01, -4.4248e-01, -9.8802e-01, -1.3367e+00,
         -2.4469e+00,  1.3625e+00,  2.3942e+00,  5.9224e-01, -4.5393e-02,
          5.1633e-01,  4.4393e-01, -1.2050e-01,  4.3570e-01,  8.4451e-04,
          7.0711e-01, -2.8151e-04,  7.0711e-01, -5.8345e-01, -4.5151e-01,
          1.2781e-01, -7.2525e+00, -5.5308e-01,  1.3453e+01, -6.7938e-01]],
       device='cuda:0')
actions:  tensor([[-0.1184, -1.7992,  1.7363, -3.1751, -1.8237,  2.7484]],
       device='cuda:0')
tensor([[-1.1519e-01, -3.0476e-02,  1.0586e-01, -1.3497e+00, -1.2094e-01,
          2.0819e+00,  5.3255e-01,  5.2480e-01,  2.5264e-01,  2.5983e-01,
          2.1703e-02,  6.1665e-02,  1.4951e-02, -2.6103e-02,  3.7284e-02,
         -2.8849e-02, -1.1061e-01, -1.0316e+00,  1.1883e-01,  3.1416e+00,
         -1.8495e-01, -1.8496e-01, -5.1341e-01, -9.8528e-01, -1.5896e+00,
         -2.3935e+00,  1.6063e+00,  2.3398e+00,  5.9153e-01, -4.3443e-02,
          5.2196e-01,  4.4393e-01, -1.2050e-01,  4.3570e-01,  8.4451e-04,
          7.0711e-01, -2.8151e-04,  7.0711e-01, -5.9194e-01, -4.3614e-01,
          1.2160e-01, -7.3153e+00, -5.5874e-01,  1.3742e+01, -6.4139e-01]],
       device='cuda:0')
actions:  tensor([[-0.1205, -1.7978,  1.7364, -3.1859, -1.8247,  2.8057]],
       device='cuda:0')
tensor([[-1.1486e-01, -3.1248e-02,  1.0569e-01, -1.3710e+00, -1.1872e-01,
          2.1447e+00,  5.3252e-01,  5.2475e-01,  2.5238e-01,  2.5840e-01,
          2.1742e-02,  5.8208e-02,  1.4837e-02, -2.2838e-02,  2.0881e-03,
         -3.7093e-02, -1.3722e-01, -9.3355e-01,  8.5966e-02,  3.1333e+00,
         -7.1234e-02, -7.1234e-02, -3.5236e-01, -8.3179e-01, -1.3028e+00,
         -2.0637e+00,  1.3368e+00,  2.0195e+00,  5.9065e-01, -4.2073e-02,
          5.2759e-01,  4.4393e-01, -1.2050e-01,  4.3570e-01,  8.4451e-04,
          7.0711e-01, -2.8151e-04,  7.0711e-01, -6.0247e-01, -4.2908e-01,
          1.2222e-01, -7.3694e+00, -5.6348e-01,  1.4029e+01, -6.0222e-01]],
       device='cuda:0')
actions:  tensor([[-0.1230, -1.7945,  1.7283, -3.1904, -1.8245,  2.8644]],
       device='cuda:0')
tensor([[-1.1514e-01, -3.1990e-02,  1.0448e-01, -1.3893e+00, -1.1687e-01,
          2.2074e+00,  5.3214e-01,  5.2432e-01,  2.5206e-01,  2.5690e-01,
          2.1865e-02,  5.5176e-02,  1.4674e-02, -1.9836e-02, -2.4664e-02,
         -2.6014e-02, -2.0042e-01, -7.9391e-01,  6.8372e-02,  3.1348e+00,
         -7.7458e-02, -7.7458e-02, -2.7460e-01, -8.3744e-01, -9.7085e-01,
         -2.1452e+00,  1.0089e+00,  2.1067e+00,  5.8979e-01, -4.1143e-02,
          5.3308e-01,  4.4393e-01, -1.2050e-01,  4.3570e-01,  8.4451e-04,
          7.0711e-01, -2.8151e-04,  7.0711e-01, -6.1478e-01, -4.1233e-01,
          8.1589e-02, -7.3921e+00, -5.6271e-01,  1.4322e+01, -5.9230e-01]],
       device='cuda:0')
actions:  tensor([[-0.1262, -1.7931,  1.7273, -3.1953, -1.8282,  2.9273]],
       device='cuda:0')
tensor([[-1.1593e-01, -3.2590e-02,  1.0247e-01, -1.4053e+00, -1.1588e-01,
          2.2700e+00,  5.3217e-01,  5.2421e-01,  2.5178e-01,  2.5601e-01,
          2.1924e-02,  5.2497e-02,  1.4503e-02, -1.7167e-02, -5.1708e-02,
         -2.2603e-02, -2.2379e-01, -6.8815e-01,  2.4856e-02,  3.1416e+00,
         -1.4885e-01, -1.4900e-01, -5.4778e-01, -9.1018e-01, -2.1517e+00,
         -2.2522e+00,  2.1559e+00,  2.2100e+00,  5.8887e-01, -4.0653e-02,
          5.3845e-01,  4.4393e-01, -1.2050e-01,  4.3570e-01,  8.4451e-04,
          7.0711e-01, -2.8151e-04,  7.0711e-01, -6.3079e-01, -4.0545e-01,
          7.6433e-02, -7.4167e+00, -5.8117e-01,  1.4637e+01, -5.6992e-01]],
       device='cuda:0')
actions:  tensor([[-0.1286, -1.7936,  1.7339, -3.2047, -1.8283,  2.9736]],
       device='cuda:0')
tensor([[-1.1735e-01, -3.3329e-02,  1.0077e-01, -1.4203e+00, -1.1502e-01,
          2.3327e+00,  5.3210e-01,  5.2404e-01,  2.5130e-01,  2.5528e-01,
          2.2009e-02,  5.0116e-02,  1.4384e-02, -1.4802e-02, -6.3140e-02,
         -9.0778e-04, -2.0615e-01, -7.1856e-01, -4.8265e-02,  3.1286e+00,
         -9.6410e-02, -9.6281e-02, -6.2023e-02, -9.3863e-01, -5.2771e-01,
         -2.0890e+00,  5.7706e-01,  2.0440e+00,  5.8784e-01, -4.0538e-02,
          5.4345e-01,  4.4393e-01, -1.2050e-01,  4.3570e-01,  8.4451e-04,
          7.0711e-01, -2.8151e-04,  7.0711e-01, -6.4292e-01, -4.0811e-01,
          1.0968e-01, -7.4635e+00, -5.8163e-01,  1.4868e+01, -5.3055e-01]],
       device='cuda:0')
actions:  tensor([[-0.1326, -1.7927,  1.7198, -3.2088, -1.8317,  3.0336]],
       device='cuda:0')
tensor([[-1.1897e-01, -3.3306e-02,  9.8244e-02, -1.4333e+00, -1.1490e-01,
          2.3953e+00,  5.3199e-01,  5.2377e-01,  2.5166e-01,  2.5383e-01,
          2.2160e-02,  4.7988e-02,  1.4201e-02, -1.2764e-02, -9.8067e-02,
          3.6637e-06, -2.4519e-01, -5.3185e-01,  8.7950e-03,  3.1416e+00,
         -9.3749e-02, -9.4985e-02, -3.6807e-01, -7.7477e-01, -1.4825e+00,
         -1.9547e+00,  1.5038e+00,  1.9199e+00,  5.8717e-01, -4.0643e-02,
          5.4791e-01,  4.4393e-01, -1.2050e-01,  4.3570e-01,  8.4451e-04,
          7.0711e-01, -2.8151e-04,  7.0711e-01, -6.6277e-01, -4.0356e-01,
          3.9025e-02, -7.4841e+00, -5.9845e-01,  1.5168e+01, -5.4086e-01]],
       device='cuda:0')
actions:  tensor([[-0.1376, -1.7932,  1.7239, -3.2112, -1.8326,  3.0885]],
       device='cuda:0')
tensor([[-1.2122e-01, -3.3314e-02,  9.5708e-02, -1.4444e+00, -1.1475e-01,
          2.4578e+00,  5.3197e-01,  5.2375e-01,  2.5109e-01,  2.5361e-01,
          2.2220e-02,  4.6181e-02,  1.4060e-02, -1.0952e-02, -1.2724e-01,
          3.6385e-06, -2.2782e-01, -4.5911e-01, -6.7177e-03,  3.1416e+00,
         -9.4830e-02, -9.7161e-02, -3.5192e-01, -8.0149e-01, -1.3212e+00,
         -2.1828e+00,  1.3413e+00,  2.1470e+00,  5.8650e-01, -4.1187e-02,
          5.5210e-01,  4.4393e-01, -1.2050e-01,  4.3570e-01,  8.4451e-04,
          7.0711e-01, -2.8151e-04,  7.0711e-01, -6.8789e-01, -4.0589e-01,
          5.9375e-02, -7.4958e+00, -6.0280e-01,  1.5442e+01, -5.1288e-01]],
       device='cuda:0')
actions:  tensor([[-0.1442, -1.7934,  1.7205, -3.2145, -1.8344,  3.1439]],
       device='cuda:0')
tensor([[-1.2413e-01, -3.3311e-02,  9.3348e-02, -1.4542e+00, -1.1484e-01,
          2.5203e+00,  5.3201e-01,  5.2378e-01,  2.5133e-01,  2.5274e-01,
          2.2338e-02,  4.4546e-02,  1.3919e-02, -9.3636e-03, -1.6200e-01,
          1.3420e-07, -2.2145e-01, -3.8005e-01, -2.5679e-02,  3.1354e+00,
         -2.5135e-02, -2.6462e-02, -1.8526e-01, -7.2877e-01, -6.5905e-01,
         -2.0434e+00,  6.9641e-01,  2.0176e+00,  5.8594e-01, -4.2103e-02,
          5.5569e-01,  4.4393e-01, -1.2050e-01,  4.3570e-01,  8.4451e-04,
          7.0711e-01, -2.8151e-04,  7.0711e-01, -7.2122e-01, -4.0698e-01,
          4.2653e-02, -7.5123e+00, -6.1219e-01,  1.5719e+01, -4.9898e-01]],
       device='cuda:0')
actions:  tensor([[-0.1516, -1.7929,  1.7144, -3.2123, -1.8380,  3.1967]],
       device='cuda:0')
tensor([[-1.2774e-01, -3.3307e-02,  9.0819e-02, -1.4617e+00, -1.1541e-01,
          2.5828e+00,  5.3199e-01,  5.2360e-01,  2.5125e-01,  2.5212e-01,
          2.2444e-02,  4.3160e-02,  1.3773e-02, -7.9621e-03, -1.9866e-01,
          1.4224e-07, -2.3585e-01, -2.8069e-01, -4.2398e-02,  3.1238e+00,
         -3.1530e-02, -3.2939e-02, -2.0684e-01, -6.6521e-01, -8.2389e-01,
         -1.7835e+00,  8.5555e-01,  1.7638e+00,  5.8536e-01, -4.3507e-02,
          5.5891e-01,  4.4393e-01, -1.2050e-01,  4.3570e-01,  8.4451e-04,
          7.0711e-01, -2.8151e-04,  7.0711e-01, -7.5812e-01, -4.0436e-01,
          1.2144e-02, -7.5014e+00, -6.2993e-01,  1.5984e+01, -4.9984e-01]],
       device='cuda:0')
actions:  tensor([[-0.1572, -1.7936,  1.7134, -3.2102, -1.8395,  3.2406]],
       device='cuda:0')
tensor([[-1.3202e-01, -3.3310e-02,  8.8189e-02, -1.4676e+00, -1.1606e-01,
          2.6452e+00,  5.3195e-01,  5.2344e-01,  2.5085e-01,  2.5195e-01,
          2.2520e-02,  4.1949e-02,  1.3611e-02, -6.7495e-03, -2.2841e-01,
          8.5521e-08, -2.3498e-01, -2.0263e-01, -4.9182e-02,  3.1071e+00,
         -2.3588e-02, -2.4404e-02, -2.0022e-01, -6.5493e-01, -7.1005e-01,
         -1.8085e+00,  7.4073e-01,  1.7882e+00,  5.8489e-01, -4.5413e-02,
          5.6178e-01,  4.4393e-01, -1.2050e-01,  4.3570e-01,  8.4451e-04,
          7.0711e-01, -2.8151e-04,  7.0711e-01, -7.8599e-01, -4.0806e-01,
          6.8530e-03, -7.4909e+00, -6.3743e-01,  1.6203e+01, -4.8947e-01]],
       device='cuda:0')
actions:  tensor([[-0.1633, -1.7942,  1.7116, -3.2085, -1.8419,  3.2839]],
       device='cuda:0')
tensor([[-1.3682e-01, -3.3309e-02,  8.5643e-02, -1.4721e+00, -1.1688e-01,
          2.7076e+00,  5.3190e-01,  5.2331e-01,  2.5070e-01,  2.5154e-01,
          2.2640e-02,  4.0902e-02,  1.3478e-02, -5.6884e-03, -2.5131e-01,
         -7.1344e-05, -2.2791e-01, -1.4313e-01, -6.7031e-02,  3.1273e+00,
         -2.7973e-02, -2.7973e-02,  2.0251e-02, -6.6143e-01, -7.7692e-02,
         -1.8566e+00,  1.2443e-01,  1.8352e+00,  5.8445e-01, -4.7596e-02,
          5.6430e-01,  4.4393e-01, -1.2050e-01,  4.3570e-01,  8.4451e-04,
          7.0711e-01, -2.8151e-04,  7.0711e-01, -8.1628e-01, -4.1123e-01,
         -1.8352e-03, -7.4824e+00, -6.4937e-01,  1.6419e+01, -4.8080e-01]],
       device='cuda:0')
actions:  tensor([[-0.1720, -1.7940,  1.7084, -3.2064, -1.8452,  3.3321]],
       device='cuda:0')
tensor([[-1.4216e-01, -3.3307e-02,  8.3161e-02, -1.4755e+00, -1.1800e-01,
          2.7699e+00,  5.3194e-01,  5.2327e-01,  2.5074e-01,  2.5117e-01,
          2.2748e-02,  4.0023e-02,  1.3332e-02, -4.8040e-03, -2.7947e-01,
         -1.4731e-04, -2.2594e-01, -8.4260e-02, -8.0623e-02,  3.1225e+00,
         -2.6134e-02, -2.6134e-02, -1.1041e-02, -6.3475e-01, -1.5161e-01,
         -1.8132e+00,  1.9443e-01,  1.7952e+00,  5.8404e-01, -5.0102e-02,
          5.6649e-01,  4.4393e-01, -1.2050e-01,  4.3570e-01,  8.4451e-04,
          7.0711e-01, -2.8151e-04,  7.0711e-01, -8.6008e-01, -4.0994e-01,
         -1.7823e-02, -7.4718e+00, -6.6612e-01,  1.6660e+01, -4.8162e-01]],
       device='cuda:0')
actions:  tensor([[-0.1781, -1.7944,  1.7075, -3.2022, -1.8471,  3.3751]],
       device='cuda:0')
tensor([[-1.4797e-01, -3.3308e-02,  8.0767e-02, -1.4776e+00, -1.1917e-01,
          2.8321e+00,  5.3199e-01,  5.2321e-01,  2.5035e-01,  2.5127e-01,
          2.2816e-02,  3.9308e-02,  1.3182e-02, -4.0649e-03, -2.9950e-01,
         -1.9969e-04, -2.1844e-01, -2.3420e-02, -8.3710e-02,  3.1201e+00,
         -2.1601e-02, -2.1601e-02, -1.0158e-02, -6.3892e-01, -1.4849e-01,
         -1.8407e+00,  1.8975e-01,  1.8223e+00,  5.8365e-01, -5.2963e-02,
          5.6837e-01,  4.4393e-01, -1.2050e-01,  4.3570e-01,  8.4451e-04,
          7.0711e-01, -2.8151e-04,  7.0711e-01, -8.9054e-01, -4.1191e-01,
         -2.2292e-02, -7.4510e+00, -6.7539e-01,  1.6875e+01, -4.7214e-01]],
       device='cuda:0')
actions:  tensor([[-0.1841, -1.7952,  1.7055, -3.1973, -1.8486,  3.4177]],
       device='cuda:0')
tensor([[-1.5411e-01, -3.3307e-02,  7.8489e-02, -1.4784e+00, -1.2030e-01,
          2.8943e+00,  5.3209e-01,  5.2318e-01,  2.5029e-01,  2.5119e-01,
          2.2881e-02,  3.8752e-02,  1.3055e-02, -3.4688e-03, -3.1162e-01,
         -3.0126e-04, -2.1197e-01,  3.6001e-02, -7.9068e-02,  3.1167e+00,
         -1.7975e-02, -1.7975e-02, -2.4579e-02, -6.1750e-01, -1.8199e-01,
         -1.7982e+00,  2.2080e-01,  1.7820e+00,  5.8336e-01, -5.5950e-02,
          5.6988e-01,  4.4393e-01, -1.2050e-01,  4.3570e-01,  8.4451e-04,
          7.0711e-01, -2.8151e-04,  7.0711e-01, -9.2070e-01, -4.1595e-01,
         -3.2586e-02, -7.4264e+00, -6.8305e-01,  1.7089e+01, -4.6362e-01]],
       device='cuda:0')
actions:  tensor([[-0.1898, -1.7960,  1.7043, -3.1917, -1.8499,  3.4602]],
       device='cuda:0')
tensor([[-1.6041e-01, -3.3306e-02,  7.6365e-02, -1.4782e+00, -1.2136e-01,
          2.9565e+00,  5.3217e-01,  5.2314e-01,  2.5006e-01,  2.5128e-01,
          2.2928e-02,  3.8324e-02,  1.2937e-02, -2.9984e-03, -3.1639e-01,
         -2.7620e-04, -2.0296e-01,  8.7068e-02, -7.2499e-02,  3.0954e+00,
         -9.5661e-03, -9.5661e-03, -4.1007e-02, -5.4752e-01, -2.0850e-01,
         -1.5726e+00,  2.4534e-01,  1.5620e+00,  5.8314e-01, -5.9040e-02,
          5.7106e-01,  4.4393e-01, -1.2050e-01,  4.3570e-01,  8.4451e-04,
          7.0711e-01, -2.8151e-04,  7.0711e-01, -9.4906e-01, -4.1978e-01,
         -3.8419e-02, -7.3983e+00, -6.8969e-01,  1.7301e+01, -4.5463e-01]],
       device='cuda:0')
actions:  tensor([[-0.1945, -1.7969,  1.7040, -3.1857, -1.8510,  3.4972]],
       device='cuda:0')
tensor([[-1.6671e-01, -3.3306e-02,  7.4470e-02, -1.4770e+00, -1.2232e-01,
          3.0186e+00,  5.3214e-01,  5.2297e-01,  2.4977e-01,  2.5135e-01,
          2.2977e-02,  3.7990e-02,  1.2822e-02, -2.6235e-03, -3.1283e-01,
         -4.8214e-04, -1.8916e-01,  1.3512e-01, -7.2005e-02,  3.1037e+00,
         -6.1983e-02, -6.1983e-02, -7.6439e-02, -6.4293e-01, -1.9778e-01,
         -1.8556e+00,  2.2741e-01,  1.8331e+00,  5.8303e-01, -6.2137e-02,
          5.7186e-01,  4.4393e-01, -1.2050e-01,  4.3570e-01,  8.4451e-04,
          7.0711e-01, -2.8151e-04,  7.0711e-01, -9.7248e-01, -4.2445e-01,
         -3.9795e-02, -7.3684e+00, -6.9510e-01,  1.7486e+01, -4.4686e-01]],
       device='cuda:0')
actions:  tensor([[-0.2009, -1.7980,  1.7047, -3.1833, -1.8533,  3.5410]],
       device='cuda:0')
tensor([[-1.7296e-01, -3.3305e-02,  7.2988e-02, -1.4756e+00, -1.2337e-01,
          3.0806e+00,  5.3222e-01,  5.2296e-01,  2.4979e-01,  2.5132e-01,
          2.3028e-02,  3.7752e-02,  1.2725e-02, -2.3502e-03, -3.0972e-01,
         -3.4144e-04, -1.6750e-01,  1.3966e-01, -7.3367e-02,  3.0906e+00,
         -4.0510e-02, -4.0510e-02, -8.7121e-02, -5.5513e-01, -2.1735e-01,
         -1.6248e+00,  2.4768e-01,  1.6106e+00,  5.8295e-01, -6.5167e-02,
          5.7241e-01,  4.4393e-01, -1.2050e-01,  4.3570e-01,  8.4451e-04,
          7.0711e-01, -2.8151e-04,  7.0711e-01, -1.0043e+00, -4.2992e-01,
         -3.6538e-02, -7.3565e+00, -7.0664e-01,  1.7705e+01, -4.3477e-01]],
       device='cuda:0')
actions:  tensor([[-0.2046, -1.7984,  1.7047, -3.1793, -1.8542,  3.5742]],
       device='cuda:0')
tensor([[-1.7907e-01, -3.3304e-02,  7.1864e-02, -1.4739e+00, -1.2435e-01,
          3.1426e+00,  5.3223e-01,  5.2283e-01,  2.4934e-01,  2.5164e-01,
          2.3057e-02,  3.7602e-02,  1.2617e-02, -2.1344e-03, -2.9989e-01,
         -4.8237e-04, -1.5060e-01,  1.6028e-01, -6.7794e-02,  3.1040e+00,
         -1.4602e-02, -1.4602e-02, -4.2874e-02, -5.7993e-01, -1.4323e-01,
         -1.7827e+00,  1.7779e-01,  1.7676e+00,  5.8289e-01, -6.8213e-02,
          5.7268e-01,  4.4393e-01, -1.2050e-01,  4.3570e-01,  8.4451e-04,
          7.0711e-01, -2.8151e-04,  7.0711e-01, -1.0230e+00, -4.3222e-01,
         -3.6469e-02, -7.3364e+00, -7.1077e-01,  1.7871e+01, -4.2897e-01]],
       device='cuda:0')
actions:  tensor([[-0.2097, -1.7984,  1.7027, -3.1749, -1.8555,  3.6105]],
       device='cuda:0')
tensor([[-1.8498e-01, -3.3299e-02,  7.0937e-02, -1.4717e+00, -1.2529e-01,
          3.2045e+00,  5.3235e-01,  5.2285e-01,  2.4944e-01,  2.5165e-01,
          2.3094e-02,  3.7514e-02,  1.2529e-02, -2.0115e-03, -2.8945e-01,
         -5.5011e-04, -1.4527e-01,  1.8457e-01, -6.1578e-02,  3.1031e+00,
         -8.9461e-03, -8.9461e-03, -7.1460e-02, -5.5503e-01, -2.0358e-01,
         -1.7558e+00,  2.3639e-01,  1.7433e+00,  5.8292e-01, -7.1029e-02,
          5.7275e-01,  4.4393e-01, -1.2050e-01,  4.3570e-01,  8.4451e-04,
          7.0711e-01, -2.8151e-04,  7.0711e-01, -1.0486e+00, -4.3179e-01,
         -4.6388e-02, -7.3144e+00, -7.1769e-01,  1.8053e+01, -4.2476e-01]],
       device='cuda:0')
actions:  tensor([[-0.2138, -1.7987,  1.7038, -3.1714, -1.8568,  3.6456]],
       device='cuda:0')
tensor([[-1.9065e-01, -3.3298e-02,  7.0225e-02, -1.4693e+00, -1.2623e-01,
          3.2664e+00,  5.3239e-01,  5.2282e-01,  2.4916e-01,  2.5192e-01,
          2.3115e-02,  3.7486e-02,  1.2441e-02, -1.9405e-03, -2.7612e-01,
         -5.9891e-04, -1.3252e-01,  1.9037e-01, -6.1756e-02,  3.0994e+00,
         -5.4809e-03, -5.4809e-03, -7.7958e-02, -5.4669e-01, -1.8932e-01,
         -1.7738e+00,  2.2221e-01,  1.7613e+00,  5.8294e-01, -7.3768e-02,
          5.7271e-01,  4.4393e-01, -1.2050e-01,  4.3570e-01,  8.4451e-04,
          7.0711e-01, -2.8151e-04,  7.0711e-01, -1.0689e+00, -4.3325e-01,
         -4.0859e-02, -7.2970e+00, -7.2402e-01,  1.8228e+01, -4.1750e-01]],
       device='cuda:0')
actions:  tensor([[-0.2175, -1.7989,  1.7051, -3.1703, -1.8584,  3.6770]],
       device='cuda:0')
tensor([[-1.9604e-01, -3.3297e-02,  6.9850e-02, -1.4673e+00, -1.2724e-01,
          3.3282e+00,  5.3246e-01,  5.2277e-01,  2.4904e-01,  2.5207e-01,
          2.3139e-02,  3.7509e-02,  1.2362e-02, -1.9113e-03, -2.6108e-01,
         -6.4614e-04, -1.1557e-01,  1.7651e-01, -6.1159e-02,  3.0958e+00,
         -4.0065e-03, -4.0065e-03, -9.0106e-02, -5.2712e-01, -2.0429e-01,
         -1.7417e+00,  2.3690e-01,  1.7300e+00,  5.8296e-01, -7.6343e-02,
          5.7258e-01,  4.4393e-01, -1.2050e-01,  4.3570e-01,  8.4451e-04,
          7.0711e-01, -2.8151e-04,  7.0711e-01, -1.0876e+00, -4.3471e-01,
         -3.4313e-02, -7.2916e+00, -7.3183e-01,  1.8385e+01, -4.1166e-01]],
       device='cuda:0')
actions:  tensor([[-0.2208, -1.7992,  1.7070, -3.1709, -1.8596,  3.7048]],
       device='cuda:0')
tensor([[-2.0112e-01, -3.3295e-02,  6.9869e-02, -1.4659e+00, -1.2828e-01,
          3.3900e+00,  5.3249e-01,  5.2272e-01,  2.4884e-01,  2.5228e-01,
          2.3158e-02,  3.7565e-02,  1.2288e-02, -1.9162e-03, -2.4422e-01,
         -6.6812e-04, -9.6233e-02,  1.5025e-01, -6.0271e-02,  3.0931e+00,
         -1.9058e-03, -1.9058e-03, -9.6873e-02, -5.1532e-01, -2.0333e-01,
         -1.7349e+00,  2.3634e-01,  1.7233e+00,  5.8297e-01, -7.8761e-02,
          5.7240e-01,  4.4393e-01, -1.2050e-01,  4.3570e-01,  8.4451e-04,
          7.0711e-01, -2.8151e-04,  7.0711e-01, -1.1038e+00, -4.3578e-01,
         -2.4857e-02, -7.2947e+00, -7.3822e-01,  1.8524e+01, -4.0667e-01]],
       device='cuda:0')
actions:  tensor([[-0.2238, -1.7992,  1.7090, -3.1729, -1.8609,  3.7305]],
       device='cuda:0')
tensor([[-2.0584e-01, -3.3293e-02,  7.0289e-02, -1.4652e+00, -1.2935e-01,
          3.4498e+00,  5.3256e-01,  5.2268e-01,  2.4878e-01,  2.5241e-01,
          2.3178e-02,  3.7657e-02,  1.2221e-02, -1.9496e-03, -2.2601e-01,
         -4.3093e-04, -7.8284e-02,  1.0933e-01, -5.9996e-02,  2.7877e+00,
          2.0251e-02,  2.0251e-02, -4.6325e-02, -4.9654e-01, -9.1718e-02,
         -1.6924e+00,  1.2982e-01,  1.6827e+00,  5.8297e-01, -8.0998e-02,
          5.7219e-01,  4.4393e-01, -1.2050e-01,  4.3570e-01,  8.4451e-04,
          7.0711e-01, -2.8151e-04,  7.0711e-01, -1.1188e+00, -4.3617e-01,
         -1.4863e-02, -7.3046e+00, -7.4453e-01,  1.8652e+01, -4.0242e-01]],
       device='cuda:0')
actions:  tensor([[-0.2239, -1.7989,  1.7130, -3.1715, -1.8637,  3.7448]],
       device='cuda:0')
tensor([[-2.1004e-01, -3.3292e-02,  7.1076e-02, -1.4645e+00, -1.3075e-01,
          3.5023e+00,  5.3266e-01,  5.2272e-01,  2.4855e-01,  2.5260e-01,
          2.3138e-02,  3.7722e-02,  1.2154e-02, -2.0303e-03, -1.9478e-01,
         -6.5746e-04, -5.7119e-02,  1.1367e-01, -7.7844e-02,  2.3923e+00,
          7.1008e-03,  7.1008e-03, -4.2260e-02, -4.9275e-01,  2.7671e-02,
         -1.7114e+00,  1.9534e-03,  1.6917e+00,  5.8291e-01, -8.3139e-02,
          5.7176e-01,  4.4393e-01, -1.2050e-01,  4.3570e-01,  8.4451e-04,
          7.0711e-01, -2.8151e-04,  7.0711e-01, -1.1193e+00, -4.3466e-01,
          5.0415e-03, -7.2975e+00, -7.5861e-01,  1.8724e+01, -3.9665e-01]],
       device='cuda:0')
actions:  tensor([[-0.2237, -1.7990,  1.7197, -3.1687, -1.8681,  3.7525]],
       device='cuda:0')
tensor([[-2.1355e-01, -3.3295e-02,  7.2438e-02, -1.4636e+00, -1.3273e-01,
          3.5467e+00,  5.3266e-01,  5.2272e-01,  2.4836e-01,  2.5267e-01,
          2.3117e-02,  3.7744e-02,  1.2068e-02, -2.1083e-03, -1.5965e-01,
         -6.3980e-04, -2.2226e-02,  1.2805e-01, -1.0147e-01,  2.0179e+00,
          4.1038e-03,  4.1038e-03, -1.1379e-01, -5.1089e-01, -1.3856e-01,
         -1.7714e+00,  1.5434e-01,  1.7436e+00,  5.8282e-01, -8.5149e-02,
          5.7089e-01,  4.4393e-01, -1.2050e-01,  4.3570e-01,  8.4451e-04,
          7.0711e-01, -2.8151e-04,  7.0711e-01, -1.1187e+00, -4.3480e-01,
          3.8674e-02, -7.2836e+00, -7.8033e-01,  1.8762e+01, -3.8555e-01]],
       device='cuda:0')
actions:  tensor([[-0.2232, -1.7994,  1.7262, -3.1646, -1.8709,  3.7562]],
       device='cuda:0')
tensor([[-2.1638e-01, -3.3295e-02,  7.4528e-02, -1.4623e+00, -1.3494e-01,
          3.5836e+00,  5.3275e-01,  5.2276e-01,  2.4823e-01,  2.5283e-01,
          2.3104e-02,  3.7802e-02,  1.1995e-02, -2.1810e-03, -1.2584e-01,
         -3.9333e-04,  1.6301e-02,  1.4752e-01, -1.1357e-01,  1.6856e+00,
          1.7927e-02,  1.7927e-02, -1.4651e-01, -5.5105e-01, -2.1974e-01,
         -1.8954e+00,  2.2761e-01,  1.8604e+00,  5.8281e-01, -8.6942e-02,
          5.6936e-01,  4.4393e-01, -1.2050e-01,  4.3570e-01,  8.4451e-04,
          7.0711e-01, -2.8151e-04,  7.0711e-01, -1.1162e+00, -4.3724e-01,
          7.0957e-02, -7.2629e+00, -7.9464e-01,  1.8781e+01, -3.7268e-01]],
       device='cuda:0')
actions:  tensor([[-0.2236, -1.7998,  1.7322, -3.1600, -1.8733,  3.7584]],
       device='cuda:0')
tensor([[-2.1860e-01, -3.3295e-02,  7.7376e-02, -1.4604e+00, -1.3720e-01,
          3.6143e+00,  5.3274e-01,  5.2276e-01,  2.4815e-01,  2.5283e-01,
          2.3105e-02,  3.7831e-02,  1.1939e-02, -2.2488e-03, -9.7195e-02,
         -4.1754e-04,  5.3077e-02,  1.7395e-01, -1.1588e-01,  1.3984e+00,
          2.1952e-03,  2.1952e-03, -1.2190e-01, -5.4866e-01, -1.1337e-01,
         -1.8789e+00,  1.1713e-01,  1.8396e+00,  5.8285e-01, -8.8476e-02,
          5.6719e-01,  4.4393e-01, -1.2050e-01,  4.3570e-01,  8.4451e-04,
          7.0711e-01, -2.8151e-04,  7.0711e-01, -1.1178e+00, -4.3920e-01,
          1.0079e-01, -7.2398e+00, -8.0667e-01,  1.8792e+01, -3.6262e-01]],
       device='cuda:0')
actions:  tensor([[-0.2249, -1.8005,  1.7382, -3.1559, -1.8762,  3.7581]],
       device='cuda:0')
tensor([[-2.2033e-01, -3.3296e-02,  8.0940e-02, -1.4581e+00, -1.3957e-01,
          3.6393e+00,  5.3275e-01,  5.2276e-01,  2.4813e-01,  2.5285e-01,
          2.3122e-02,  3.7873e-02,  1.1891e-02, -2.3026e-03, -7.7542e-02,
         -1.4708e-04,  8.6490e-02,  1.8560e-01, -1.2511e-01,  1.1505e+00,
          4.7743e-03,  4.7744e-03, -1.4135e-01, -5.2303e-01, -1.9846e-01,
         -1.8042e+00,  1.9739e-01,  1.7648e+00,  5.8296e-01, -8.9847e-02,
          5.6439e-01,  4.4393e-01, -1.2050e-01,  4.3570e-01,  8.4451e-04,
          7.0711e-01, -2.8151e-04,  7.0711e-01, -1.1243e+00, -4.4263e-01,
          1.3114e-01, -7.2193e+00, -8.2119e-01,  1.8790e+01, -3.5545e-01]],
       device='cuda:0')
actions:  tensor([[-0.2250, -1.8012,  1.7437, -3.1509, -1.8774,  3.7524]],
       device='cuda:0')
tensor([[-2.2173e-01, -3.3294e-02,  8.5077e-02, -1.4553e+00, -1.4176e-01,
          3.6587e+00,  5.3277e-01,  5.2274e-01,  2.4798e-01,  2.5298e-01,
          2.3126e-02,  3.7924e-02,  1.1852e-02, -2.3449e-03, -6.1825e-02,
         -3.6612e-04,  1.1232e-01,  2.1085e-01, -1.1049e-01,  8.8813e-01,
          4.4790e-03,  4.4789e-03, -1.1030e-01, -4.8922e-01, -5.7222e-02,
         -1.7144e+00,  5.6412e-02,  1.6742e+00,  5.8311e-01, -9.1072e-02,
          5.6103e-01,  4.4393e-01, -1.2050e-01,  4.3570e-01,  8.4451e-04,
          7.0711e-01, -2.8151e-04,  7.0711e-01, -1.1249e+00, -4.4605e-01,
          1.5827e-01, -7.1947e+00, -8.2681e-01,  1.8762e+01, -3.4981e-01]],
       device='cuda:0')
actions:  tensor([[-0.2258, -1.8019,  1.7496, -3.1454, -1.8797,  3.7429]],
       device='cuda:0')
tensor([[-2.2284e-01, -3.3297e-02,  8.9680e-02, -1.4521e+00, -1.4394e-01,
          3.6729e+00,  5.3279e-01,  5.2276e-01,  2.4804e-01,  2.5295e-01,
          2.3140e-02,  3.7946e-02,  1.1818e-02, -2.3842e-03, -4.9214e-02,
         -4.8769e-04,  1.3329e-01,  2.3644e-01, -1.1003e-01,  6.4610e-01,
         -3.1029e-03, -3.1029e-03, -1.3519e-01, -4.9276e-01, -8.2611e-02,
         -1.7405e+00,  7.8204e-02,  1.6981e+00,  5.8330e-01, -9.2185e-02,
          5.5721e-01,  4.4393e-01, -1.2050e-01,  4.3570e-01,  8.4451e-04,
          7.0711e-01, -2.8151e-04,  7.0711e-01, -1.1289e+00, -4.4960e-01,
          1.8779e-01, -7.1672e+00, -8.3832e-01,  1.8714e+01, -3.4543e-01]],
       device='cuda:0')
actions:  tensor([[-0.2264, -1.8025,  1.7560, -3.1394, -1.8814,  3.7329]],
       device='cuda:0')
tensor([[-2.2376e-01, -3.3301e-02,  9.4683e-02, -1.4483e+00, -1.4605e-01,
          3.6827e+00,  5.3278e-01,  5.2277e-01,  2.4798e-01,  2.5301e-01,
          2.3163e-02,  3.7948e-02,  1.1780e-02, -2.4025e-03, -4.1293e-02,
         -5.6486e-04,  1.5295e-01,  2.5981e-01, -1.0358e-01,  4.4465e-01,
         -5.1086e-03, -5.1086e-03, -1.4775e-01, -4.8506e-01, -1.1904e-01,
         -1.7154e+00,  1.1284e-01,  1.6723e+00,  5.8350e-01, -9.3242e-02,
          5.5294e-01,  4.4393e-01, -1.2050e-01,  4.3570e-01,  8.4451e-04,
          7.0711e-01, -2.8151e-04,  7.0711e-01, -1.1321e+00, -4.5254e-01,
          2.2008e-01, -7.1372e+00, -8.4679e-01,  1.8664e+01, -3.3919e-01]],
       device='cuda:0')
actions:  tensor([[-0.2270, -1.8034,  1.7613, -3.1329, -1.8821,  3.7212]],
       device='cuda:0')
tensor([[-2.2455e-01, -3.3301e-02,  9.9980e-02, -1.4440e+00, -1.4792e-01,
          3.6886e+00,  5.3280e-01,  5.2278e-01,  2.4797e-01,  2.5306e-01,
          2.3185e-02,  3.7948e-02,  1.1751e-02, -2.4065e-03, -3.6036e-02,
         -7.2709e-04,  1.6508e-01,  2.8680e-01, -8.8549e-02,  2.6293e-01,
         -1.4100e-02, -1.4100e-02, -1.4615e-01, -4.8129e-01, -8.8971e-02,
         -1.7039e+00,  8.2341e-02,  1.6594e+00,  5.8373e-01, -9.4216e-02,
          5.4831e-01,  4.4393e-01, -1.2050e-01,  4.3570e-01,  8.4451e-04,
          7.0711e-01, -2.8151e-04,  7.0711e-01, -1.1348e+00, -4.5697e-01,
          2.4673e-01, -7.1046e+00, -8.5037e-01,  1.8606e+01, -3.3515e-01]],
       device='cuda:0')
actions:  tensor([[-0.2280, -1.8042,  1.7664, -3.1265, -1.8829,  3.7093]],
       device='cuda:0')
tensor([[-2.2528e-01, -3.3301e-02,  1.0545e-01, -1.4393e+00, -1.4959e-01,
          3.6912e+00,  5.3286e-01,  5.2284e-01,  2.4803e-01,  2.5311e-01,
          2.3200e-02,  3.7951e-02,  1.1729e-02, -2.4088e-03, -3.3792e-02,
         -3.8363e-04,  1.7072e-01,  3.0196e-01, -8.4109e-02,  1.3954e-01,
          3.4425e-03,  3.4425e-03, -1.9921e-01, -4.8134e-01, -3.1899e-01,
         -1.7078e+00,  3.0911e-01,  1.6650e+00,  5.8399e-01, -9.5132e-02,
          5.4339e-01,  4.4393e-01, -1.2050e-01,  4.3570e-01,  8.4451e-04,
          7.0711e-01, -2.8151e-04,  7.0711e-01, -1.1401e+00, -4.6097e-01,
          2.7184e-01, -7.0723e+00, -8.5457e-01,  1.8547e+01, -3.3217e-01]],
       device='cuda:0')
actions:  tensor([[-0.2278, -1.8048,  1.7708, -3.1198, -1.8814,  3.6984]],
       device='cuda:0')
tensor([[-2.2596e-01, -3.3298e-02,  1.1096e-01, -1.4341e+00, -1.5072e-01,
          3.6914e+00,  5.3297e-01,  5.2288e-01,  2.4796e-01,  2.5326e-01,
          2.3184e-02,  3.7974e-02,  1.1737e-02, -2.3997e-03, -3.1021e-02,
         -5.9299e-04,  1.7086e-01,  3.2382e-01, -4.8510e-02,  1.8626e-02,
          2.1921e-02,  2.1921e-02, -1.4861e-01, -4.0914e-01, -1.7795e-01,
         -1.5291e+00,  1.7349e-01,  1.4920e+00,  5.8426e-01, -9.5933e-02,
          5.3830e-01,  4.4393e-01, -1.2050e-01,  4.3570e-01,  8.4451e-04,
          7.0711e-01, -2.8151e-04,  7.0711e-01, -1.1391e+00, -4.6392e-01,
          2.9406e-01, -7.0390e+00, -8.4690e-01,  1.8492e+01, -3.3155e-01]],
       device='cuda:0')
actions:  tensor([[-0.2287, -1.8053,  1.7739, -3.1129, -1.8813,  3.6836]],
       device='cuda:0')
tensor([[-2.2658e-01, -3.3295e-02,  1.1635e-01, -1.4286e+00, -1.5158e-01,
          3.6889e+00,  5.3305e-01,  5.2296e-01,  2.4808e-01,  2.5327e-01,
          2.3163e-02,  3.7971e-02,  1.1757e-02, -2.4027e-03, -2.8212e-02,
         -5.8841e-04,  1.6073e-01,  3.4144e-01, -4.0778e-02, -8.9898e-02,
          2.4101e-02,  2.4101e-02, -1.0910e-01, -4.0397e-01, -8.4570e-02,
         -1.5156e+00,  8.3798e-02,  1.4795e+00,  5.8455e-01, -9.6638e-02,
          5.3319e-01,  4.4393e-01, -1.2050e-01,  4.3570e-01,  8.4451e-04,
          7.0711e-01, -2.8151e-04,  7.0711e-01, -1.1435e+00, -4.6665e-01,
          3.0952e-01, -7.0044e+00, -8.4664e-01,  1.8418e+01, -3.3442e-01]],
       device='cuda:0')
actions:  tensor([[-0.2294, -1.8053,  1.7776, -3.1068, -1.8822,  3.6687]],
       device='cuda:0')
tensor([[-2.2716e-01, -3.3294e-02,  1.2153e-01, -1.4229e+00, -1.5242e-01,
          3.6841e+00,  5.3307e-01,  5.2296e-01,  2.4809e-01,  2.5329e-01,
          2.3147e-02,  3.7981e-02,  1.1784e-02, -2.3967e-03, -2.6732e-02,
         -4.2475e-04,  1.4965e-01,  3.4340e-01, -4.3788e-02, -1.8594e-01,
          1.0270e-02,  1.0270e-02, -7.6506e-02, -3.9853e-01,  1.9331e-02,
         -1.4721e+00, -1.7863e-02,  1.4352e+00,  5.8479e-01, -9.7336e-02,
          5.2814e-01,  4.4393e-01, -1.2050e-01,  4.3570e-01,  8.4451e-04,
          7.0711e-01, -2.8151e-04,  7.0711e-01, -1.1470e+00, -4.6664e-01,
          3.2788e-01, -6.9740e+00, -8.5102e-01,  1.8343e+01, -3.3647e-01]],
       device='cuda:0')
actions:  tensor([[-0.2296, -1.8054,  1.7808, -3.1015, -1.8833,  3.6508]],
       device='cuda:0')
tensor([[-2.2770e-01, -3.3294e-02,  1.2648e-01, -1.4172e+00, -1.5328e-01,
          3.6769e+00,  5.3307e-01,  5.2295e-01,  2.4808e-01,  2.5329e-01,
          2.3126e-02,  3.7991e-02,  1.1821e-02, -2.3902e-03, -2.4205e-02,
         -6.1214e-04,  1.3665e-01,  3.4242e-01, -4.2428e-02, -3.0276e-01,
          1.4430e-02,  1.4430e-02, -1.0074e-01, -3.8013e-01, -3.5504e-02,
         -1.4390e+00,  3.6100e-02,  1.4036e+00,  5.8495e-01, -9.8031e-02,
          5.2322e-01,  4.4393e-01, -1.2050e-01,  4.3570e-01,  8.4451e-04,
          7.0711e-01, -2.8151e-04,  7.0711e-01, -1.1478e+00, -4.6688e-01,
          3.4411e-01, -6.9475e+00, -8.5636e-01,  1.8254e+01, -3.3861e-01]],
       device='cuda:0')
actions:  tensor([[-0.2287, -1.8052,  1.7846, -3.0955, -1.8830,  3.6322]],
       device='cuda:0')
tensor([[-2.2815e-01, -3.3297e-02,  1.3117e-01, -1.4115e+00, -1.5397e-01,
          3.6677e+00,  5.3306e-01,  5.2295e-01,  2.4805e-01,  2.5330e-01,
          2.3099e-02,  3.7971e-02,  1.1850e-02, -2.3766e-03, -1.8355e-02,
         -9.0560e-04,  1.2486e-01,  3.5160e-01, -2.8064e-02, -4.0999e-01,
         -2.2848e-03, -2.2848e-03, -8.0552e-02, -4.0743e-01,  6.2474e-02,
         -1.4997e+00, -6.0639e-02,  1.4609e+00,  5.8509e-01, -9.8656e-02,
          5.1844e-01,  4.4393e-01, -1.2050e-01,  4.3570e-01,  8.4451e-04,
          7.0711e-01, -2.8151e-04,  7.0711e-01, -1.1437e+00, -4.6610e-01,
          3.6278e-01, -6.9174e+00, -8.5507e-01,  1.8161e+01, -3.4052e-01]],
       device='cuda:0')
actions:  tensor([[-0.2296, -1.8054,  1.7875, -3.0901, -1.8842,  3.6157]],
       device='cuda:0')
tensor([[-2.2852e-01, -3.3300e-02,  1.3561e-01, -1.4057e+00, -1.5468e-01,
          3.6571e+00,  5.3309e-01,  5.2299e-01,  2.4821e-01,  2.5319e-01,
          2.3085e-02,  3.7939e-02,  1.1881e-02, -2.3587e-03, -1.5360e-02,
         -9.3327e-04,  1.1176e-01,  3.5034e-01, -3.0697e-02, -4.7443e-01,
         -2.6227e-03, -2.6227e-03, -1.0362e-01, -4.0551e-01,  5.7264e-03,
         -1.5115e+00, -5.0121e-03,  1.4732e+00,  5.8520e-01, -9.9224e-02,
          5.1384e-01,  4.4393e-01, -1.2050e-01,  4.3570e-01,  8.4451e-04,
          7.0711e-01, -2.8151e-04,  7.0711e-01, -1.1480e+00, -4.6688e-01,
          3.7746e-01, -6.8906e+00, -8.6097e-01,  1.8079e+01, -3.4113e-01]],
       device='cuda:0')
actions:  tensor([[-0.2289, -1.8054,  1.7904, -3.0850, -1.8842,  3.6001]],
       device='cuda:0')
tensor([[-2.2881e-01, -3.3301e-02,  1.3979e-01, -1.4001e+00, -1.5528e-01,
          3.6456e+00,  5.3309e-01,  5.2301e-01,  2.4813e-01,  2.5325e-01,
          2.3060e-02,  3.7902e-02,  1.1906e-02, -2.3274e-03, -1.0889e-02,
         -8.9247e-04,  9.9097e-02,  3.4500e-01, -2.4997e-02, -5.1545e-01,
         -6.5521e-04, -6.5523e-04, -9.7821e-02, -4.1109e-01, -3.0540e-03,
         -1.5099e+00,  4.2835e-03,  1.4714e+00,  5.8525e-01, -9.9751e-02,
          5.0942e-01,  4.4393e-01, -1.2050e-01,  4.3570e-01,  8.4451e-04,
          7.0711e-01, -2.8151e-04,  7.0711e-01, -1.1447e+00, -4.6704e-01,
          3.9177e-01, -6.8651e+00, -8.6080e-01,  1.8000e+01, -3.4349e-01]],
       device='cuda:0')
actions:  tensor([[-0.2282, -1.8055,  1.7922, -3.0805, -1.8842,  3.5840]],
       device='cuda:0')
tensor([[-2.2900e-01, -3.3300e-02,  1.4367e-01, -1.3946e+00, -1.5574e-01,
          3.6333e+00,  5.3311e-01,  5.2302e-01,  2.4819e-01,  2.5321e-01,
          2.3033e-02,  3.7873e-02,  1.1941e-02, -2.2958e-03, -4.1410e-03,
         -7.4016e-04,  8.2695e-02,  3.3548e-01, -2.1477e-02, -5.4586e-01,
         -3.0142e-03, -3.0142e-03, -1.0617e-01, -4.1447e-01, -5.6573e-02,
         -1.5072e+00,  5.6820e-02,  1.4690e+00,  5.8530e-01, -1.0017e-01,
          5.0523e-01,  4.4393e-01, -1.2050e-01,  4.3570e-01,  8.4451e-04,
          7.0711e-01, -2.8151e-04,  7.0711e-01, -1.1412e+00, -4.6769e-01,
          4.0083e-01, -6.8424e+00, -8.6082e-01,  1.7920e+01, -3.4737e-01]],
       device='cuda:0')
actions:  tensor([[-0.2271, -1.8055,  1.7943, -3.0766, -1.8841,  3.5686]],
       device='cuda:0')
tensor([[-2.2902e-01, -3.3300e-02,  1.4724e-01, -1.3894e+00, -1.5610e-01,
          3.6204e+00,  5.3322e-01,  5.2309e-01,  2.4826e-01,  2.5326e-01,
          2.2976e-02,  3.7872e-02,  1.1988e-02, -2.2769e-03,  4.8271e-03,
         -4.8792e-04,  6.7359e-02,  3.1903e-01, -1.7215e-02, -5.6524e-01,
          6.1339e-03,  6.1339e-03, -1.6340e-01, -4.0500e-01, -2.2799e-01,
         -1.4677e+00,  2.2377e-01,  1.4311e+00,  5.8536e-01, -1.0046e-01,
          5.0129e-01,  4.4393e-01, -1.2050e-01,  4.3570e-01,  8.4451e-04,
          7.0711e-01, -2.8151e-04,  7.0711e-01, -1.1353e+00, -4.6746e-01,
          4.1142e-01, -6.8232e+00, -8.6034e-01,  1.7843e+01, -3.5092e-01]],
       device='cuda:0')
actions:  tensor([[-0.2247, -1.8053,  1.7972, -3.0737, -1.8826,  3.5539]],
       device='cuda:0')
tensor([[-2.2882e-01, -3.3303e-02,  1.5057e-01, -1.3845e+00, -1.5614e-01,
          3.6072e+00,  5.3316e-01,  5.2305e-01,  2.4822e-01,  2.5322e-01,
          2.2933e-02,  3.7838e-02,  1.2045e-02, -2.2572e-03,  1.8194e-02,
         -8.7581e-04,  5.7523e-02,  3.0404e-01, -1.1627e-03, -5.8181e-01,
         -1.0979e-02, -1.0979e-02, -9.2201e-02, -4.4692e-01,  2.2431e-02,
         -1.5545e+00, -2.1978e-02,  1.5135e+00,  5.8541e-01, -1.0055e-01,
          4.9764e-01,  4.4393e-01, -1.2050e-01,  4.3570e-01,  8.4451e-04,
          7.0711e-01, -2.8151e-04,  7.0711e-01, -1.1235e+00, -4.6673e-01,
          4.2592e-01, -6.8083e+00, -8.5305e-01,  1.7769e+01, -3.5486e-01]],
       device='cuda:0')
actions:  tensor([[-0.2256, -1.8052,  1.7983, -3.0720, -1.8846,  3.5395]],
       device='cuda:0')
tensor([[-2.2842e-01, -3.3304e-02,  1.5366e-01, -1.3802e+00, -1.5642e-01,
          3.5938e+00,  5.3315e-01,  5.2308e-01,  2.4844e-01,  2.5299e-01,
          2.2909e-02,  3.7799e-02,  1.2102e-02, -2.2389e-03,  2.4812e-02,
         -7.3962e-04,  4.3041e-02,  2.7810e-01, -1.8034e-02, -5.9191e-01,
         -1.0205e-02, -1.0205e-02, -1.2142e-01, -4.2544e-01, -7.9098e-02,
         -1.5299e+00,  7.7284e-02,  1.4917e+00,  5.8544e-01, -1.0053e-01,
          4.9431e-01,  4.4393e-01, -1.2050e-01,  4.3570e-01,  8.4451e-04,
          7.0711e-01, -2.8151e-04,  7.0711e-01, -1.1278e+00, -4.6612e-01,
          4.3148e-01, -6.8000e+00, -8.6301e-01,  1.7697e+01, -3.5688e-01]],
       device='cuda:0')
actions:  tensor([[-0.2232, -1.8048,  1.8007, -3.0703, -1.8845,  3.5249]],
       device='cuda:0')
tensor([[-2.2786e-01, -3.3306e-02,  1.5651e-01, -1.3764e+00, -1.5668e-01,
          3.5802e+00,  5.3315e-01,  5.2306e-01,  2.4829e-01,  2.5313e-01,
          2.2852e-02,  3.7780e-02,  1.2139e-02, -2.2149e-03,  3.3443e-02,
         -5.1960e-04,  3.2963e-02,  2.5027e-01, -1.6112e-02, -5.9593e-01,
         -8.3421e-03, -8.3421e-03, -1.6417e-01, -4.3267e-01, -2.2164e-01,
         -1.4981e+00,  2.1557e-01,  1.4593e+00,  5.8543e-01, -1.0048e-01,
          4.9122e-01,  4.4393e-01, -1.2050e-01,  4.3570e-01,  8.4451e-04,
          7.0711e-01, -2.8151e-04,  7.0711e-01, -1.1162e+00, -4.6413e-01,
          4.4355e-01, -6.7917e+00, -8.6243e-01,  1.7625e+01, -3.6007e-01]],
       device='cuda:0')
actions:  tensor([[-0.2205, -1.8048,  1.8028, -3.0695, -1.8832,  3.5104]],
       device='cuda:0')
tensor([[-2.2709e-01, -3.3307e-02,  1.5918e-01, -1.3731e+00, -1.5666e-01,
          3.5664e+00,  5.3310e-01,  5.2304e-01,  2.4833e-01,  2.5302e-01,
          2.2813e-02,  3.7750e-02,  1.2196e-02, -2.1925e-03,  4.6722e-02,
         -8.3624e-04,  2.4684e-02,  2.3026e-01, -9.6080e-04, -6.0978e-01,
         -1.7324e-03, -1.7324e-03, -9.7659e-02, -4.2784e-01, -4.2750e-02,
         -1.5046e+00,  4.2374e-02,  1.4670e+00,  5.8546e-01, -1.0019e-01,
          4.8845e-01,  4.4393e-01, -1.2050e-01,  4.3570e-01,  8.4451e-04,
          7.0711e-01, -2.8151e-04,  7.0711e-01, -1.1024e+00, -4.6381e-01,
          4.5417e-01, -6.7877e+00, -8.5611e-01,  1.7552e+01, -3.6366e-01]],
       device='cuda:0')
actions:  tensor([[-0.2202, -1.8044,  1.8036, -3.0684, -1.8845,  3.4962]],
       device='cuda:0')
tensor([[-2.2611e-01, -3.3307e-02,  1.6161e-01, -1.3701e+00, -1.5679e-01,
          3.5526e+00,  5.3309e-01,  5.2304e-01,  2.4849e-01,  2.5283e-01,
          2.2787e-02,  3.7718e-02,  1.2250e-02, -2.1762e-03,  5.4495e-02,
         -8.7260e-04,  1.1258e-02,  2.1466e-01, -1.1385e-02, -6.1745e-01,
         -1.7933e-03, -1.7933e-03, -1.0441e-01, -4.1937e-01, -3.5949e-02,
         -1.5083e+00,  3.5272e-02,  1.4718e+00,  5.8548e-01, -9.9799e-02,
          4.8593e-01,  4.4393e-01, -1.2050e-01,  4.3570e-01,  8.4451e-04,
          7.0711e-01, -2.8151e-04,  7.0711e-01, -1.1012e+00, -4.6200e-01,
          4.5798e-01, -6.7822e+00, -8.6243e-01,  1.7481e+01, -3.6669e-01]],
       device='cuda:0')
actions:  tensor([[-0.2188, -1.8040,  1.8055, -3.0672, -1.8852,  3.4829]],
       device='cuda:0')
tensor([[-2.2499e-01, -3.3310e-02,  1.6383e-01, -1.3674e+00, -1.5703e-01,
          3.5388e+00,  5.3305e-01,  5.2305e-01,  2.4846e-01,  2.5281e-01,
          2.2762e-02,  3.7673e-02,  1.2285e-02, -2.1507e-03,  5.9529e-02,
         -8.5019e-04,  2.0478e-03,  1.9863e-01, -1.7067e-02, -6.1226e-01,
         -2.9259e-03, -2.9259e-03, -9.7822e-02, -4.3354e-01, -3.3172e-02,
         -1.5243e+00,  3.2469e-02,  1.4869e+00,  5.8546e-01, -9.9386e-02,
          4.8365e-01,  4.4393e-01, -1.2050e-01,  4.3570e-01,  8.4451e-04,
          7.0711e-01, -2.8151e-04,  7.0711e-01, -1.0940e+00, -4.5997e-01,
          4.6743e-01, -6.7762e+00, -8.6602e-01,  1.7415e+01, -3.6884e-01]],
       device='cuda:0')
actions:  tensor([[-0.2172, -1.8039,  1.8066, -3.0664, -1.8856,  3.4706]],
       device='cuda:0')
tensor([[-2.2379e-01, -3.3311e-02,  1.6585e-01, -1.3651e+00, -1.5728e-01,
          3.5253e+00,  5.3305e-01,  5.2306e-01,  2.4852e-01,  2.5273e-01,
          2.2736e-02,  3.7636e-02,  1.2323e-02, -2.1238e-03,  6.4081e-02,
         -8.4636e-04, -7.4835e-03,  1.8368e-01, -1.8330e-02, -6.0070e-01,
         -4.0120e-03, -4.0120e-03, -9.8159e-02, -4.3464e-01, -3.7690e-02,
         -1.5204e+00,  3.6531e-02,  1.4830e+00,  5.8545e-01, -9.8905e-02,
          4.8159e-01,  4.4393e-01, -1.2050e-01,  4.3570e-01,  8.4451e-04,
          7.0711e-01, -2.8151e-04,  7.0711e-01, -1.0862e+00, -4.5971e-01,
          4.7312e-01, -6.7721e+00, -8.6799e-01,  1.7353e+01, -3.7151e-01]],
       device='cuda:0')
actions:  tensor([[-0.2157, -1.8038,  1.8078, -3.0658, -1.8859,  3.4594]],
       device='cuda:0')
tensor([[-2.2251e-01, -3.3313e-02,  1.6768e-01, -1.3631e+00, -1.5752e-01,
          3.5123e+00,  5.3304e-01,  5.2307e-01,  2.4855e-01,  2.5267e-01,
          2.2712e-02,  3.7595e-02,  1.2357e-02, -2.0962e-03,  6.7735e-02,
         -8.3779e-04, -1.6261e-02,  1.6952e-01, -1.8859e-02, -5.8304e-01,
         -4.6741e-03, -4.6741e-03, -9.7947e-02, -4.3944e-01, -4.3108e-02,
         -1.5250e+00,  4.1521e-02,  1.4873e+00,  5.8544e-01, -9.8373e-02,
          4.7974e-01,  4.4393e-01, -1.2050e-01,  4.3570e-01,  8.4451e-04,
          7.0711e-01, -2.8151e-04,  7.0711e-01, -1.0787e+00, -4.5917e-01,
          4.7883e-01, -6.7689e+00, -8.6928e-01,  1.7297e+01, -3.7391e-01]],
       device='cuda:0')
actions:  tensor([[-0.2143, -1.8038,  1.8088, -3.0654, -1.8861,  3.4492]],
       device='cuda:0')
tensor([[-2.2116e-01, -3.3314e-02,  1.6935e-01, -1.3613e+00, -1.5774e-01,
          3.4997e+00,  5.3303e-01,  5.2307e-01,  2.4859e-01,  2.5259e-01,
          2.2690e-02,  3.7554e-02,  1.2390e-02, -2.0669e-03,  7.0575e-02,
         -8.3361e-04, -2.4496e-02,  1.5568e-01, -1.9169e-02, -5.5982e-01,
         -5.8493e-03, -5.8493e-03, -9.7423e-02, -4.4423e-01, -4.4679e-02,
         -1.5307e+00,  4.2665e-02,  1.4927e+00,  5.8544e-01, -9.7790e-02,
          4.7808e-01,  4.4393e-01, -1.2050e-01,  4.3570e-01,  8.4451e-04,
          7.0711e-01, -2.8151e-04,  7.0711e-01, -1.0713e+00, -4.5878e-01,
          4.8380e-01, -6.7669e+00, -8.7039e-01,  1.7246e+01, -3.7631e-01]],
       device='cuda:0')
actions:  tensor([[-0.2129, -1.8037,  1.8097, -3.0652, -1.8863,  3.4399]],
       device='cuda:0')
tensor([[-2.1977e-01, -3.3316e-02,  1.7085e-01, -1.3598e+00, -1.5795e-01,
          3.4878e+00,  5.3301e-01,  5.2308e-01,  2.4863e-01,  2.5253e-01,
          2.2671e-02,  3.7512e-02,  1.2422e-02, -2.0361e-03,  7.2336e-02,
         -1.0741e-03, -3.1980e-02,  1.4272e-01, -1.9552e-02, -5.3332e-01,
         -6.6356e-03, -6.6356e-03, -9.6052e-02, -4.5101e-01, -4.4605e-02,
         -1.5428e+00,  4.2268e-02,  1.5043e+00,  5.8544e-01, -9.7170e-02,
          4.7661e-01,  4.4393e-01, -1.2050e-01,  4.3570e-01,  8.4451e-04,
          7.0711e-01, -2.8151e-04,  7.0711e-01, -1.0643e+00, -4.5837e-01,
          4.8831e-01, -6.7661e+00, -8.7160e-01,  1.7200e+01, -3.7864e-01]],
       device='cuda:0')
actions:  tensor([[-0.2115, -1.8036,  1.8105, -3.0653, -1.8866,  3.4316]],
       device='cuda:0')
tensor([[-2.1835e-01, -3.3317e-02,  1.7221e-01, -1.3585e+00, -1.5816e-01,
          3.4765e+00,  5.3300e-01,  5.2309e-01,  2.4867e-01,  2.5246e-01,
          2.2653e-02,  3.7467e-02,  1.2450e-02, -2.0048e-03,  7.3029e-02,
         -1.3714e-03, -3.8833e-02,  1.3057e-01, -1.9999e-02, -5.0424e-01,
         -7.0639e-03, -7.0639e-03, -9.5864e-02, -4.5656e-01, -4.8634e-02,
         -1.5529e+00,  4.5916e-02,  1.5140e+00,  5.8544e-01, -9.6526e-02,
          4.7531e-01,  4.4393e-01, -1.2050e-01,  4.3570e-01,  8.4451e-04,
          7.0711e-01, -2.8151e-04,  7.0711e-01, -1.0576e+00, -4.5797e-01,
          4.9240e-01, -6.7663e+00, -8.7292e-01,  1.7158e+01, -3.8095e-01]],
       device='cuda:0')
actions:  tensor([[-0.2102, -1.8035,  1.8112, -3.0654, -1.8868,  3.4240]],
       device='cuda:0')
tensor([[-2.1692e-01, -3.3318e-02,  1.7344e-01, -1.3575e+00, -1.5837e-01,
          3.4659e+00,  5.3299e-01,  5.2309e-01,  2.4870e-01,  2.5239e-01,
          2.2637e-02,  3.7422e-02,  1.2476e-02, -1.9720e-03,  7.2904e-02,
         -1.6440e-03, -4.5167e-02,  1.1934e-01, -2.0435e-02, -4.7403e-01,
         -7.7765e-03, -7.7765e-03, -9.4597e-02, -4.6286e-01, -4.8686e-02,
         -1.5647e+00,  4.5690e-02,  1.5253e+00,  5.8545e-01, -9.5869e-02,
          4.7418e-01,  4.4393e-01, -1.2050e-01,  4.3570e-01,  8.4451e-04,
          7.0711e-01, -2.8151e-04,  7.0711e-01, -1.0511e+00, -4.5759e-01,
          4.9607e-01, -6.7672e+00, -8.7409e-01,  1.7120e+01, -3.8326e-01]],
       device='cuda:0')
actions:  tensor([[-0.2090, -1.8035,  1.8118, -3.0657, -1.8871,  3.4171]],
       device='cuda:0')
tensor([[-2.1550e-01, -3.3319e-02,  1.7453e-01, -1.3568e+00, -1.5857e-01,
          3.4560e+00,  5.3298e-01,  5.2310e-01,  2.4873e-01,  2.5233e-01,
          2.2622e-02,  3.7377e-02,  1.2500e-02, -1.9389e-03,  7.2027e-02,
         -1.8836e-03, -5.1116e-02,  1.0926e-01, -2.1054e-02, -4.4417e-01,
         -8.4327e-03, -8.4327e-03, -9.3785e-02, -4.6884e-01, -4.9172e-02,
         -1.5765e+00,  4.5909e-02,  1.5367e+00,  5.8546e-01, -9.5208e-02,
          4.7319e-01,  4.4393e-01, -1.2050e-01,  4.3570e-01,  8.4451e-04,
          7.0711e-01, -2.8151e-04,  7.0711e-01, -1.0450e+00, -4.5725e-01,
          4.9923e-01, -6.7685e+00, -8.7536e-01,  1.7086e+01, -3.8548e-01]],
       device='cuda:0')
actions:  tensor([[-0.2079, -1.8034,  1.8124, -3.0660, -1.8873,  3.4108]],
       device='cuda:0')
tensor([[-2.1411e-01, -3.3320e-02,  1.7551e-01, -1.3562e+00, -1.5877e-01,
          3.4467e+00,  5.3297e-01,  5.2311e-01,  2.4876e-01,  2.5227e-01,
          2.2609e-02,  3.7333e-02,  1.2522e-02, -1.9049e-03,  7.0456e-02,
         -2.1251e-03, -5.6574e-02,  1.0051e-01, -2.1656e-02, -4.1465e-01,
         -8.9412e-03, -8.9413e-03, -9.2897e-02, -4.7440e-01, -5.0264e-02,
         -1.5872e+00,  4.6780e-02,  1.5468e+00,  5.8547e-01, -9.4553e-02,
          4.7234e-01,  4.4393e-01, -1.2050e-01,  4.3570e-01,  8.4451e-04,
          7.0711e-01, -2.8151e-04,  7.0711e-01, -1.0393e+00, -4.5694e-01,
          5.0210e-01, -6.7702e+00, -8.7660e-01,  1.7054e+01, -3.8757e-01]],
       device='cuda:0')
actions:  tensor([[-0.2068, -1.8033,  1.8129, -3.0664, -1.8876,  3.4051]],
       device='cuda:0')
tensor([[-2.1275e-01, -3.3321e-02,  1.7638e-01, -1.3557e+00, -1.5898e-01,
          3.4381e+00,  5.3296e-01,  5.2311e-01,  2.4879e-01,  2.5221e-01,
          2.2598e-02,  3.7288e-02,  1.2542e-02, -1.8712e-03,  6.8334e-02,
         -2.3395e-03, -6.1701e-02,  9.3274e-02, -2.2188e-02, -3.8589e-01,
         -9.5556e-03, -9.5556e-03, -9.2099e-02, -4.8045e-01, -5.0324e-02,
         -1.6001e+00,  4.6653e-02,  1.5592e+00,  5.8548e-01, -9.3912e-02,
          4.7161e-01,  4.4393e-01, -1.2050e-01,  4.3570e-01,  8.4451e-04,
          7.0711e-01, -2.8151e-04,  7.0711e-01, -1.0339e+00, -4.5671e-01,
          5.0450e-01, -6.7718e+00, -8.7778e-01,  1.7026e+01, -3.8955e-01]],
       device='cuda:0')
actions:  tensor([[-0.2058, -1.8033,  1.8133, -3.0667, -1.8878,  3.4000]],
       device='cuda:0')
tensor([[-2.1144e-01, -3.3322e-02,  1.7714e-01, -1.3554e+00, -1.5918e-01,
          3.4301e+00,  5.3295e-01,  5.2311e-01,  2.4881e-01,  2.5216e-01,
          2.2587e-02,  3.7245e-02,  1.2560e-02, -1.8373e-03,  6.5695e-02,
         -2.5387e-03, -6.6449e-02,  8.7235e-02, -2.2851e-02, -3.5772e-01,
         -9.9797e-03, -9.9797e-03, -9.1328e-02, -4.8572e-01, -5.0680e-02,
         -1.6110e+00,  4.6853e-02,  1.5697e+00,  5.8549e-01, -9.3291e-02,
          4.7099e-01,  4.4393e-01, -1.2050e-01,  4.3570e-01,  8.4451e-04,
          7.0711e-01, -2.8151e-04,  7.0711e-01, -1.0289e+00, -4.5654e-01,
          5.0655e-01, -6.7735e+00, -8.7904e-01,  1.7000e+01, -3.9140e-01]],
       device='cuda:0')
actions:  tensor([[-0.2049, -1.8033,  1.8136, -3.0670, -1.8880,  3.3953]],
       device='cuda:0')
tensor([[-2.1018e-01, -3.3323e-02,  1.7781e-01, -1.3552e+00, -1.5939e-01,
          3.4227e+00,  5.3294e-01,  5.2312e-01,  2.4884e-01,  2.5211e-01,
          2.2579e-02,  3.7202e-02,  1.2577e-02, -1.8037e-03,  6.2638e-02,
         -2.7276e-03, -7.0882e-02,  8.2467e-02, -2.3418e-02, -3.3040e-01,
         -1.0472e-02, -1.0472e-02, -8.9796e-02, -4.9159e-01, -4.8708e-02,
         -1.6233e+00,  4.4805e-02,  1.5814e+00,  5.8550e-01, -9.2696e-02,
          4.7046e-01,  4.4393e-01, -1.2050e-01,  4.3570e-01,  8.4451e-04,
          7.0711e-01, -2.8151e-04,  7.0711e-01, -1.0243e+00, -4.5642e-01,
          5.0823e-01, -6.7751e+00, -8.8022e-01,  1.6977e+01, -3.9314e-01]],
       device='cuda:0')
actions:  tensor([[-0.2040, -1.8033,  1.8139, -3.0673, -1.8883,  3.3912]],
       device='cuda:0')
tensor([[-2.0899e-01, -3.3324e-02,  1.7839e-01, -1.3551e+00, -1.5961e-01,
          3.4160e+00,  5.3293e-01,  5.2312e-01,  2.4886e-01,  2.5206e-01,
          2.2571e-02,  3.7159e-02,  1.2592e-02, -1.7706e-03,  5.9213e-02,
         -2.8995e-03, -7.5060e-02,  7.8803e-02, -2.4012e-02, -3.0407e-01,
         -1.0850e-02, -1.0850e-02, -8.9098e-02, -4.9650e-01, -4.8795e-02,
         -1.6340e+00,  4.4790e-02,  1.5916e+00,  5.8551e-01, -9.2133e-02,
          4.7002e-01,  4.4393e-01, -1.2050e-01,  4.3570e-01,  8.4451e-04,
          7.0711e-01, -2.8151e-04,  7.0711e-01, -1.0202e+00, -4.5638e-01,
          5.0951e-01, -6.7765e+00, -8.8146e-01,  1.6956e+01, -3.9476e-01]],
       device='cuda:0')
actions:  tensor([[-0.2033, -1.8033,  1.8141, -3.0676, -1.8885,  3.3876]],
       device='cuda:0')
tensor([[-2.0787e-01, -3.3325e-02,  1.7889e-01, -1.3550e+00, -1.5982e-01,
          3.4098e+00,  5.3292e-01,  5.2313e-01,  2.4888e-01,  2.5202e-01,
          2.2563e-02,  3.7119e-02,  1.2605e-02, -1.7373e-03,  5.5553e-02,
         -3.0681e-03, -7.8936e-02,  7.6056e-02, -2.4357e-02, -2.7887e-01,
         -1.1063e-02, -1.1063e-02, -8.8516e-02, -5.0059e-01, -5.0123e-02,
         -1.6422e+00,  4.6029e-02,  1.5995e+00,  5.8552e-01, -9.1604e-02,
          4.6966e-01,  4.4393e-01, -1.2050e-01,  4.3570e-01,  8.4451e-04,
          7.0711e-01, -2.8151e-04,  7.0711e-01, -1.0164e+00, -4.5638e-01,
          5.1053e-01, -6.7778e+00, -8.8258e-01,  1.6938e+01, -3.9628e-01]],
       device='cuda:0')
actions:  tensor([[-0.2026, -1.8033,  1.8142, -3.0678, -1.8887,  3.3843]],
       device='cuda:0')
tensor([[-2.0682e-01, -3.3325e-02,  1.7931e-01, -1.3550e+00, -1.6003e-01,
          3.4041e+00,  5.3292e-01,  5.2313e-01,  2.4889e-01,  2.5198e-01,
          2.2557e-02,  3.7080e-02,  1.2617e-02, -1.7050e-03,  5.1802e-02,
         -3.2108e-03, -8.2594e-02,  7.4164e-02, -2.4438e-02, -2.5496e-01,
         -1.1258e-02, -1.1258e-02, -8.7691e-02, -5.0433e-01, -5.0486e-02,
         -1.6498e+00,  4.6345e-02,  1.6067e+00,  5.8552e-01, -9.1111e-02,
          4.6936e-01,  4.4393e-01, -1.2050e-01,  4.3570e-01,  8.4451e-04,
          7.0711e-01, -2.8151e-04,  7.0711e-01, -1.0129e+00, -4.5644e-01,
          5.1119e-01, -6.7788e+00, -8.8354e-01,  1.6922e+01, -3.9771e-01]],
       device='cuda:0')
actions:  tensor([[-0.2020, -1.8033,  1.8143, -3.0679, -1.8889,  3.3814]],
       device='cuda:0')
tensor([[-2.0585e-01, -3.3326e-02,  1.7965e-01, -1.3550e+00, -1.6023e-01,
          3.3989e+00,  5.3291e-01,  5.2314e-01,  2.4891e-01,  2.5195e-01,
          2.2551e-02,  3.7042e-02,  1.2628e-02, -1.6735e-03,  4.8023e-02,
         -3.3445e-03, -8.6038e-02,  7.3022e-02, -2.4610e-02, -2.3221e-01,
         -1.2059e-02, -1.2059e-02, -8.6748e-02, -5.0967e-01, -4.7939e-02,
         -1.6617e+00,  4.3761e-02,  1.6181e+00,  5.8553e-01, -9.0655e-02,
          4.6912e-01,  4.4393e-01, -1.2050e-01,  4.3570e-01,  8.4451e-04,
          7.0711e-01, -2.8151e-04,  7.0711e-01, -1.0098e+00, -4.5655e-01,
          5.1156e-01, -6.7796e+00, -8.8446e-01,  1.6907e+01, -3.9903e-01]],
       device='cuda:0')
actions:  tensor([[-0.2014, -1.8033,  1.8144, -3.0681, -1.8891,  3.3790]],
       device='cuda:0')
tensor([[-2.0495e-01, -3.3327e-02,  1.7992e-01, -1.3550e+00, -1.6043e-01,
          3.3943e+00,  5.3291e-01,  5.2314e-01,  2.4893e-01,  2.5191e-01,
          2.2546e-02,  3.7005e-02,  1.2637e-02, -1.6430e-03,  4.4133e-02,
         -3.4632e-03, -8.9090e-02,  7.2041e-02, -2.4878e-02, -2.1031e-01,
         -1.2784e-02, -1.2784e-02, -8.6683e-02, -5.1401e-01, -4.8284e-02,
         -1.6712e+00,  4.4021e-02,  1.6271e+00,  5.8554e-01, -9.0237e-02,
          4.6893e-01,  4.4393e-01, -1.2050e-01,  4.3570e-01,  8.4451e-04,
          7.0711e-01, -2.8151e-04,  7.0711e-01, -1.0071e+00, -4.5667e-01,
          5.1181e-01, -6.7804e+00, -8.8549e-01,  1.6895e+01, -4.0018e-01]],
       device='cuda:0')
actions:  tensor([[-0.2009, -1.8034,  1.8144, -3.0682, -1.8893,  3.3768]],
       device='cuda:0')
tensor([[-2.0413e-01, -3.3327e-02,  1.8014e-01, -1.3551e+00, -1.6063e-01,
          3.3901e+00,  5.3290e-01,  5.2314e-01,  2.4893e-01,  2.5188e-01,
          2.2540e-02,  3.6971e-02,  1.2646e-02, -1.6133e-03,  4.0625e-02,
         -3.0057e-03, -9.2165e-02,  7.0441e-02, -2.5435e-02, -1.8984e-01,
         -1.3972e-02, -1.3972e-02, -8.6493e-02, -5.1649e-01, -4.4964e-02,
         -1.6758e+00,  4.0617e-02,  1.6313e+00,  5.8555e-01, -8.9857e-02,
          4.6879e-01,  4.4393e-01, -1.2050e-01,  4.3570e-01,  8.4451e-04,
          7.0711e-01, -2.8151e-04,  7.0711e-01, -1.0046e+00, -4.5684e-01,
          5.1184e-01, -6.7812e+00, -8.8634e-01,  1.6884e+01, -4.0125e-01]],
       device='cuda:0')
actions:  tensor([[-0.2004, -1.8034,  1.8143, -3.0684, -1.8894,  3.3746]],
       device='cuda:0')
tensor([[-2.0338e-01, -3.3327e-02,  1.8030e-01, -1.3551e+00, -1.6081e-01,
          3.3862e+00,  5.3290e-01,  5.2314e-01,  2.4894e-01,  2.5185e-01,
          2.2536e-02,  3.6938e-02,  1.2654e-02, -1.5843e-03,  3.7405e-02,
         -2.7071e-03, -9.4913e-02,  6.9238e-02, -2.5518e-02, -1.7335e-01,
         -1.4733e-02, -1.4733e-02, -8.6845e-02, -5.1817e-01, -4.4992e-02,
         -1.6787e+00,  4.0552e-02,  1.6340e+00,  5.8555e-01, -8.9513e-02,
          4.6869e-01,  4.4393e-01, -1.2050e-01,  4.3570e-01,  8.4451e-04,
          7.0711e-01, -2.8151e-04,  7.0711e-01, -1.0021e+00, -4.5701e-01,
          5.1166e-01, -6.7819e+00, -8.8701e-01,  1.6873e+01, -4.0219e-01]],
       device='cuda:0')
actions:  tensor([[-0.2000, -1.8034,  1.8143, -3.0685, -1.8895,  3.3726]],
       device='cuda:0')
tensor([[-2.0269e-01, -3.3327e-02,  1.8041e-01, -1.3552e+00, -1.6098e-01,
          3.3827e+00,  5.3290e-01,  5.2314e-01,  2.4895e-01,  2.5183e-01,
          2.2530e-02,  3.6906e-02,  1.2662e-02, -1.5569e-03,  3.4548e-02,
         -2.3607e-03, -9.7372e-02,  6.8432e-02, -2.5414e-02, -1.5819e-01,
         -1.5542e-02, -1.5542e-02, -8.6711e-02, -5.1987e-01, -4.3007e-02,
         -1.6815e+00,  3.8514e-02,  1.6365e+00,  5.8556e-01, -8.9199e-02,
          4.6862e-01,  4.4393e-01, -1.2050e-01,  4.3570e-01,  8.4451e-04,
          7.0711e-01, -2.8151e-04,  7.0711e-01, -9.9980e-01, -4.5717e-01,
          5.1146e-01, -6.7825e+00, -8.8749e-01,  1.6863e+01, -4.0300e-01]],
       device='cuda:0')
actions:  tensor([[-0.1996, -1.8035,  1.8142, -3.0686, -1.8896,  3.3708]],
       device='cuda:0')
tensor([[-2.0206e-01, -3.3327e-02,  1.8048e-01, -1.3552e+00, -1.6114e-01,
          3.3795e+00,  5.3290e-01,  5.2314e-01,  2.4896e-01,  2.5180e-01,
          2.2527e-02,  3.6876e-02,  1.2669e-02, -1.5303e-03,  3.1893e-02,
         -2.0679e-03, -9.9567e-02,  6.7986e-02, -2.5345e-02, -1.4428e-01,
         -1.6202e-02, -1.6202e-02, -8.6624e-02, -5.2120e-01, -4.1749e-02,
         -1.6836e+00,  3.7212e-02,  1.6384e+00,  5.8556e-01, -8.8912e-02,
          4.6859e-01,  4.4393e-01, -1.2050e-01,  4.3570e-01,  8.4451e-04,
          7.0711e-01, -2.8151e-04,  7.0711e-01, -9.9778e-01, -4.5736e-01,
          5.1107e-01, -6.7828e+00, -8.8798e-01,  1.6854e+01, -4.0372e-01]],
       device='cuda:0')
actions:  tensor([[-0.1992, -1.8035,  1.8141, -3.0686, -1.8897,  3.3693]],
       device='cuda:0')
tensor([[-2.0149e-01, -3.3327e-02,  1.8050e-01, -1.3553e+00, -1.6129e-01,
          3.3766e+00,  5.3289e-01,  5.2314e-01,  2.4896e-01,  2.5178e-01,
          2.2521e-02,  3.6848e-02,  1.2675e-02, -1.5054e-03,  2.9301e-02,
         -1.8671e-03, -1.0143e-01,  6.7908e-02, -2.5139e-02, -1.3042e-01,
         -1.6630e-02, -1.6630e-02, -8.5550e-02, -5.2297e-01, -3.8141e-02,
         -1.6869e+00,  3.3653e-02,  1.6415e+00,  5.8557e-01, -8.8650e-02,
          4.6858e-01,  4.4393e-01, -1.2050e-01,  4.3570e-01,  8.4451e-04,
          7.0711e-01, -2.8151e-04,  7.0711e-01, -9.9606e-01, -4.5753e-01,
          5.1064e-01, -6.7831e+00, -8.8837e-01,  1.6847e+01, -4.0435e-01]],
       device='cuda:0')
actions:  tensor([[-0.1989, -1.8035,  1.8140, -3.0686, -1.8898,  3.3679]],
       device='cuda:0')
tensor([[-2.0097e-01, -3.3327e-02,  1.8050e-01, -1.3553e+00, -1.6142e-01,
          3.3740e+00,  5.3289e-01,  5.2314e-01,  2.4897e-01,  2.5176e-01,
          2.2518e-02,  3.6821e-02,  1.2681e-02, -1.4821e-03,  2.6710e-02,
         -1.8336e-03, -1.0315e-01,  6.8100e-02, -2.4988e-02, -1.1768e-01,
         -1.6642e-02, -1.6642e-02, -8.4483e-02, -5.2443e-01, -3.5978e-02,
         -1.6901e+00,  3.1562e-02,  1.6445e+00,  5.8558e-01, -8.8414e-02,
          4.6859e-01,  4.4393e-01, -1.2050e-01,  4.3570e-01,  8.4451e-04,
          7.0711e-01, -2.8151e-04,  7.0711e-01, -9.9462e-01, -4.5773e-01,
          5.0988e-01, -6.7832e+00, -8.8884e-01,  1.6840e+01, -4.0500e-01]],
       device='cuda:0')
actions:  tensor([[-0.1987, -1.8036,  1.8138, -3.0686, -1.8898,  3.3669]],
       device='cuda:0')
tensor([[-2.0050e-01, -3.3327e-02,  1.8046e-01, -1.3554e+00, -1.6155e-01,
          3.3717e+00,  5.3289e-01,  5.2314e-01,  2.4897e-01,  2.5174e-01,
          2.2514e-02,  3.6796e-02,  1.2686e-02, -1.4595e-03,  2.4139e-02,
         -1.7973e-03, -1.0467e-01,  6.8559e-02, -2.4615e-02, -1.0508e-01,
         -1.6413e-02, -1.6413e-02, -8.3993e-02, -5.2481e-01, -3.6636e-02,
         -1.6903e+00,  3.2264e-02,  1.6447e+00,  5.8559e-01, -8.8202e-02,
          4.6862e-01,  4.4393e-01, -1.2050e-01,  4.3570e-01,  8.4451e-04,
          7.0711e-01, -2.8151e-04,  7.0711e-01, -9.9343e-01, -4.5788e-01,
          5.0917e-01, -6.7832e+00, -8.8921e-01,  1.6834e+01, -4.0561e-01]],
       device='cuda:0')
actions:  tensor([[-0.1985, -1.8036,  1.8137, -3.0686, -1.8899,  3.3660]],
       device='cuda:0')
tensor([[-2.0009e-01, -3.3327e-02,  1.8039e-01, -1.3554e+00, -1.6166e-01,
          3.3696e+00,  5.3289e-01,  5.2315e-01,  2.4898e-01,  2.5172e-01,
          2.2511e-02,  3.6773e-02,  1.2691e-02, -1.4382e-03,  2.1705e-02,
         -1.7674e-03, -1.0606e-01,  6.9072e-02, -2.4042e-02, -9.3121e-02,
         -1.6149e-02, -1.6149e-02, -8.2872e-02, -5.2530e-01, -3.5342e-02,
         -1.6905e+00,  3.1058e-02,  1.6448e+00,  5.8560e-01, -8.8013e-02,
          4.6867e-01,  4.4393e-01, -1.2050e-01,  4.3570e-01,  8.4451e-04,
          7.0711e-01, -2.8151e-04,  7.0711e-01, -9.9234e-01, -4.5807e-01,
          5.0829e-01, -6.7830e+00, -8.8938e-01,  1.6830e+01, -4.0622e-01]],
       device='cuda:0')
actions:  tensor([[-0.1983, -1.8037,  1.8135, -3.0685, -1.8899,  3.3652]],
       device='cuda:0')
tensor([[-1.9972e-01, -3.3327e-02,  1.8029e-01, -1.3554e+00, -1.6175e-01,
          3.3678e+00,  5.3289e-01,  5.2315e-01,  2.4898e-01,  2.5171e-01,
          2.2508e-02,  3.6751e-02,  1.2696e-02, -1.4186e-03,  1.9385e-02,
         -1.7351e-03, -1.0734e-01,  6.9514e-02, -2.3495e-02, -8.1729e-02,
         -1.5892e-02, -1.5892e-02, -8.1317e-02, -5.2611e-01, -3.2625e-02,
         -1.6914e+00,  2.8465e-02,  1.6457e+00,  5.8561e-01, -8.7846e-02,
          4.6873e-01,  4.4393e-01, -1.2050e-01,  4.3570e-01,  8.4451e-04,
          7.0711e-01, -2.8151e-04,  7.0711e-01, -9.9146e-01, -4.5825e-01,
          5.0731e-01, -6.7827e+00, -8.8948e-01,  1.6826e+01, -4.0681e-01]],
       device='cuda:0')
actions:  tensor([[-0.1982, -1.8037,  1.8133, -3.0685, -1.8899,  3.3646]],
       device='cuda:0')
tensor([[-1.9940e-01, -3.3327e-02,  1.8017e-01, -1.3554e+00, -1.6183e-01,
          3.3662e+00,  5.3289e-01,  5.2315e-01,  2.4899e-01,  2.5169e-01,
          2.2505e-02,  3.6730e-02,  1.2701e-02, -1.4003e-03,  1.7221e-02,
         -1.7014e-03, -1.0850e-01,  6.9769e-02, -2.3159e-02, -7.1205e-02,
         -1.5512e-02, -1.5512e-02, -7.9772e-02, -5.2661e-01, -2.9470e-02,
         -1.6923e+00,  2.5448e-02,  1.6465e+00,  5.8562e-01, -8.7699e-02,
          4.6880e-01,  4.4393e-01, -1.2050e-01,  4.3570e-01,  8.4451e-04,
          7.0711e-01, -2.8151e-04,  7.0711e-01, -9.9075e-01, -4.5843e-01,
          5.0625e-01, -6.7825e+00, -8.8958e-01,  1.6823e+01, -4.0737e-01]],
       device='cuda:0')
actions:  tensor([[-0.1980, -1.8037,  1.8130, -3.0684, -1.8899,  3.3641]],
       device='cuda:0')